6.722973640160456732e-02 -1.322873380991205772e-01 2.868417103718218231e-02
-7.245634977332621185e-02 8.476611852634408084e-02 -4.986786088362868408e-02
4.174793267627996407e-02 -1.920940088903860810e-01 -1.341080381329993465e-01
6.669198515829100060e-02 -1.430775710928923472e-01 -9.736611337471293148e-02
-3.794590847606385542e-02 -1.557993220830214132e-01 -6.778986942918036052e-03
-1.140663872911386045e-01 -2.015754197868376563e-01 -1.177900535460652681e-01
2.084537088654209169e-02 -1.816647940029180452e-01 1.867527674900837376e-04
3.253823177653059062e-02 4.659428651283950007e-01 7.539904168803668316e-02
4.848425254758698122e-02 6.545512010791321167e-02 2.523148665300768978e-01
4.477157718958191257e-02 5.267637681420819229e-01 1.092034813120819070e-01
1.202084597703181879e-02 2.297907110071321646e-01 4.696789004265161660e-02
5.807041744180557741e-02 -1.408405265963524056e-01 -3.972110646093335307e-02
-2.273177129546226083e-01 -2.321679699688866394e-01 -1.925965708178280777e-01
7.081115907201734894e-02 -7.028734670596370471e-02 -3.238063954694697655e-03
4.232388527208197360e-02 3.176429955295819729e-01 1.095448714070819118e-01
-1.547019228791807199e-02 -1.608265785379180413e-01 -2.472284152918030609e-03
-1.986170873291806527e-02 3.384780147708194020e-02 5.785778996708190736e-02
3.746219709581916080e-03 2.664445338570818889e-01 4.104485091437520827e-02
-4.360832990035395929e-02 -2.140810289247930542e-01 -1.015899968086175220e-01
-4.858104364029169897e-03 -2.043669874413795995e-01 4.357670138496111401e-03
