3.760150105733630621e-01 4.547339456307586403e-03 2.499954195124227674e-01 4.794908194307987426e-01
2.653256208856415999e-01 3.914970937073705137e-01 5.744013158648453299e-01 4.030199525796895887e-01
3.295042002259895852e-02 -2.794621022218191086e-02 -2.820607930842771172e-01 4.484780838630755273e-01
7.838468546111920787e-03 -9.116542652488646148e-02 -2.373091736549788333e-01 -1.964433125366422672e-01
2.078364280546582954e-01 -9.747544971825394811e-03 3.135233004664277345e-01 -7.072908192398275062e-02
-3.242511468029340982e-01 -1.619519503697346430e-01 8.755908301344117461e-01 5.364347756998717465e-01
-9.725035281690352917e-02 1.576874549269562387e-01 -1.476719067134966146e-01 -2.144530859164353043e-01
1.089437195592048990e-01 6.162500432087125724e-02 -2.320679381579091594e-01 3.001242198289966190e-02
-1.835554487212236463e-01 -1.821725370212634587e-02 -1.457688593876658167e-01 -1.723770237103658953e-01
1.398741753954571010e-01 -1.531536806097109071e-01 2.582551962843608884e-01 -9.700705793168107327e-02
1.128406078815915592e-01 -1.222439351721698042e-01 1.663107654522102408e-01 7.716885997843725420e-02
-1.782466748303526138e-01 7.720760440781626599e-03 -1.590646965159048243e-01 -8.457161785122235820e-02
-2.255354121756594221e-01 -2.214288426372292840e-01 -2.610896663121553551e-01 -2.087524473993822571e-01
-1.202814138007843869e-01 4.359991898443205116e-02 -1.495435061346037653e-01 -2.214400564718630449e-01
-2.488311287048006193e-01 5.878316562300422987e-03 -2.549496332698457657e-01 -3.431016799231101366e-01
-2.188455460038327693e-01 -4.629908269932347942e-02 -1.432348668142338077e-01 5.136515875230296402e-02
1.365563413582506769e-01 -1.139980072703579150e-01 -2.746031499247854057e-01 2.048806814324273251e-01
1.675554216334544932e-01 9.647061753191632505e-03 -1.996056817647358095e-01 8.371359656251997627e-02
1.322649933946651313e-01 1.804325814164597919e-01 -8.439609224833000134e-02 -1.495352926322222054e-01
5.990047115317786997e-02 1.511131958404068332e-01 7.970388105690928704e-02 -2.081582162320614326e-01
