-1.150398320859488344e+00 -4.275818356131340647e-01 1.018025801080798987e+00 1.530227380623462974e+00 1.554431611568149796e+00 2.393010356677909289e+00 2.802869138190110299e+00
-1.249232652564817414e+00 6.493609429984402437e-02 1.224276549641750006e-01 6.877787864422602038e-01 1.783989351724866390e+00 2.718057074550765062e+00 2.992723349806621247e+00
1.999357888415682627e-01 8.169488181746483724e-01 9.470360576351600779e-01 1.149385043973979004e+00 1.410118261017841546e+00 1.505667523506377448e+00 1.979424368406085044e+00
-8.466360898167060167e-01 -4.814917004234124942e-01 3.623770350546421937e-01 7.472398594688820506e-01 1.658005513660872676e+00 1.782914868576777723e+00 1.962073897368852737e+00
-1.323714997556163786e-01 5.061990114458829286e-03 3.322278452513292568e-01 4.251942215046895512e-01 1.363297714371680236e+00 1.891208097119623677e+00 2.316567372370712974e+00
-4.052329274741702791e-01 1.484055790766262151e-01 7.166335606549233406e-01 1.031183975172246026e+00 1.760168491422672066e+00 1.951433970485028979e+00 2.158627736668184305e+00
-4.811081442484527182e-01 -1.032958913321064820e-01 8.904392179440722144e-01 1.176692450579366112e+00 1.457159650060708467e+00 1.768248174084483315e+00 1.926809465846759162e+00
1.140866744201697314e+00 1.261547107136768764e+00 1.712601053958848984e+00 1.873380738242024002e+00 2.522189691176744741e+00 2.560231531651870007e+00 3.335174612736415245e+00
2.946249764176335217e-01 5.023749103477234135e-01 5.557711187944301967e-01 8.526060894000720980e-01 1.633502125963547602e+00 1.784453279237569578e+00 1.851216511840332979e+00
-3.705012397827489035e-01 8.560236377221409620e-01 9.368416393659793062e-01 1.158868826334802371e+00 1.265335200905910895e+00 1.603744137124785363e+00 3.074017638596274526e+00
3.667230444070584960e-02 1.616431904867206559e-01 8.189774548375214902e-01 1.914387756143534070e+00 1.984173014896227105e+00 1.991800904616166434e+00 2.079036312741604497e+00
5.543395261742307678e-01 9.160168429985480198e-01 1.029776522933250282e+00 1.712408731316295007e+00 1.785702671111924156e+00 1.908021031999545203e+00 2.699567551529999943e+00
-3.650042971170919248e-01 2.956481303267514127e-01 4.816833929484531374e-01 8.814904390785386346e-01 1.120561875161076637e+00 1.481789043811795548e+00 1.908682574695152567e+00
1.039038633261047284e+00 1.097984406580298389e+00 1.773871162034816207e+00 1.887598905217357403e+00 1.951925156449835663e+00 2.031979915256445057e+00 2.736882654728738373e+00
1.435753694054600293e+00 1.611225711386072401e+00 1.657275840394295097e+00 1.713592915092488234e+00 1.793474036490578127e+00 1.825434541953734779e+00 1.877436848950814419e+00
-8.029385606969727807e-01 -2.338413340834374562e-02 3.098046348399640867e-02 3.723154305504715600e-01 1.577599689157214602e+00 2.041625903773786277e+00 2.650797362939659507e+00
-1.048159955253748221e-02 9.358944564145592337e-02 6.937632276030991640e-01 1.507777720620665063e+00 1.824607614657935528e+00 1.979898036900904934e+00 3.509722644391809698e+00
4.410897511813346994e-01 4.685104630216617716e-01 6.448320943041058184e-01 9.915071142511041602e-01 1.174903143893353485e+00 1.482794999724136753e+00 1.535333515268250792e+00
-8.132986532845438987e-02 1.241751826095325750e+00 1.338493218064911616e+00 1.382051425254616772e+00 1.537733225827395911e+00 1.567421126020257516e+00 2.325187752474799030e+00
3.736225625594272182e-01 3.784531563190480785e-01 6.440400914094349671e-01 6.683011567983884182e-01 9.444829754257330068e-01 2.014669941331074465e+00 2.040309148433436359e+00
-1.457702041658340830e+00 -1.117921139770412298e+00 1.642728506772066943e+00 1.661364086802247231e+00 1.850564609248031678e+00 1.914573505641856244e+00 2.430557775780818552e+00
-1.574312631356469261e+00 6.345738501554509803e-01 1.018886031514437462e+00 1.513634703285205774e+00 1.895598956857420081e+00 1.992889222755145129e+00 2.815828116802108649e+00
8.836775868944015677e-01 9.814702872696030589e-01 1.277294386094447010e+00 1.462692402317117502e+00 1.828235580991767417e+00 1.971088600121695844e+00 2.007385577029265011e+00
-2.220328222112050831e+00 6.891816237245269594e-01 7.427245342729679178e-01 8.669129786818706718e-01 1.807914057137225194e+00 1.940432805305200681e+00 2.537352619220996974e+00
6.660359781815154701e-02 1.312015828313390475e+00 1.428545812700614315e+00 1.550340002246610949e+00 2.100056725836123572e+00 2.146495984651024536e+00 2.167497205257764126e+00
-7.412130165018256944e-01 -2.934095448480145141e-01 1.284982053174314798e+00 1.960528526741288191e+00 2.015552907458769916e+00 2.166614732978607627e+00 2.381704017917963601e+00
-2.785469269643724433e-01 -1.789468961629158417e-01 9.094918037893268137e-01 1.043211226711225903e+00 1.214074293225275714e+00 1.283555065548017904e+00 3.579198549157583731e+00
9.599317136929738092e-01 1.228770076410256040e+00 1.485430315668340162e+00 1.919862954474683248e+00 1.960025404734778709e+00 2.141328927410278027e+00 2.203350966308798675e+00
1.149711288612321081e+00 1.170169746619241558e+00 1.214505561935895317e+00 1.265841055933870418e+00 1.278553572264494287e+00 1.524743324954825008e+00 1.631848389609450223e+00
-5.944963024522651462e-01 -2.354698079305079239e-01 1.035632098003195639e-01 2.975649906687010127e-01 5.377599076858389227e-01 1.456328693796027363e+00 1.563027501396231811e+00
-2.805907046070247879e-01 -2.387890425643647285e-01 2.637964272989267063e-03 5.577973742905486393e-02 1.794966737776402033e+00 1.834727330079390928e+00 2.041519950443922760e+00
8.681716990543577595e-01 1.080478233947254285e+00 1.552621803215303409e+00 1.986727650027110714e+00 2.137054353249651761e+00 2.159405411286698939e+00 2.282515531893445804e+00
-4.133954743366339835e-01 6.959881034274303935e-02 6.205992808196068022e-01 8.007939053458807965e-01 1.143227306816720468e+00 1.171596033896408429e+00 1.324103320785580129e+00
1.074136312019214889e+00 1.138773721389598537e+00 1.161478438476293062e+00 1.487055008078968177e+00 1.841917421110156994e+00 1.902741436258446939e+00 2.196791355509370103e+00
7.234593820811705545e-01 1.335145545931003097e+00 1.448840820249844397e+00 1.481881072406280531e+00 1.758257837572241966e+00 2.197692194527539833e+00 2.348483915799833621e+00
-1.168868480663025178e+00 4.431946134722171693e-01 9.080118846526771259e-01 1.448141117429368796e+00 1.486110662368616886e+00 1.573313012017264256e+00 2.059888044488149106e+00
1.692637151703664244e-01 4.092867701732234020e-01 4.737727306110768866e-01 7.182021077027046507e-01 1.577583948296495731e+00 1.884256180771681777e+00 2.173831330774500081e+00
-2.261506012250608322e+00 -1.732035041504254691e+00 1.023158455992894789e+00 1.356952122454368581e+00 1.491154936274698972e+00 1.765275360867930576e+00 1.774663299485744972e+00
9.568826415919539086e-01 1.001808845064603659e+00 1.041002022871791777e+00 1.698222678971427646e+00 1.806161903817979919e+00 2.459221605287652768e+00 2.468038503057418342e+00
1.115624802676791649e+00 1.215276176170704492e+00 1.588423095836070997e+00 1.740716301584084968e+00 1.791152014530879022e+00 2.183784109155806785e+00 2.331007300058759224e+00
-9.154391428332888658e-01 7.842525750878754920e-01 1.097038797814498645e+00 1.524692866236339039e+00 1.774937974441180621e+00 2.292892213144191782e+00 2.905281821311593404e+00
-3.899230530333437361e-01 4.199662158313651195e-01 4.716363289439670647e-01 1.203720359948807994e+00 1.585768981963642466e+00 2.420790096643496092e+00 2.553415076285828533e+00
3.311827858291672144e-01 6.007597331253816675e-01 1.190005697244380656e+00 1.775648350255866426e+00 1.923837362644936766e+00 1.942271106892234034e+00 1.943911830575562716e+00
1.441575481862904962e+00 1.714296362899813131e+00 1.893354582726970214e+00 2.212777829083555581e+00 2.389038998194527696e+00 2.617128197817532698e+00 3.563301545292902883e+00
1.424417033963060186e+00 1.478134910208270369e+00 1.893144889838351164e+00 2.270121648146313120e+00 2.530864914520629227e+00 2.840432846660963850e+00 2.847329169382588177e+00
2.398803359201894803e-01 5.757218830896105866e-01 8.326788273388725514e-01 1.245615317141260725e+00 1.614616931003965750e+00 2.833177116156888165e+00 3.056774397656982334e+00
4.027588788401080810e-01 7.835416091448312859e-01 1.220275842957795565e+00 2.270925007538085350e+00 2.276939804417687174e+00 2.840467831669673426e+00 3.319148649739766199e+00
-4.598025671095452571e-01 1.446081393762495004e-01 6.663402657523316286e-01 1.260312136763279467e+00 1.965061406482901729e+00 2.219631637090194953e+00 2.329958664832291415e+00
-9.756381983527569191e-02 7.502450311667359095e-01 9.330914044670617358e-01 1.400173044726088945e+00 2.184409836784312553e+00 2.372686679708758017e+00 2.780548256954640252e+00
3.560742795436476205e-01 5.551647523671139339e-01 1.134396127296743551e+00 1.382573443265090907e+00 1.715522572462447881e+00 2.152949658305653546e+00 2.664126198532091649e+00
-4.662558423663062945e-01 -2.955872202567089158e-01 -1.112722698411756639e-01 -6.809522813973697963e-02 1.675700910312024394e+00 2.028996037250277329e+00 2.398591399368747101e+00
-9.229536005945555566e-01 9.185151464960589207e-01 1.386288246953361947e+00 1.400307660248501396e+00 2.176210555002012992e+00 2.606773840410912424e+00 2.663287041341741102e+00
-4.573388544098205832e-01 8.047958289272336696e-01 1.396634745230689534e+00 1.487867296752077628e+00 1.777858452987413518e+00 1.839160363018419453e+00 2.475463269886925666e+00
9.878671490464103755e-01 1.205639297499037976e+00 1.446131095883609774e+00 1.694141674999080971e+00 1.728606764013473907e+00 2.494449223301826279e+00 2.535977142085751534e+00
8.557787325067555129e-01 1.431527201990991705e+00 1.845223387395328540e+00 1.853130252508299103e+00 2.058098833683485562e+00 2.060980055216503626e+00 2.798558416688888162e+00
8.175525962914536038e-01 1.290819648535422193e+00 1.873207590607416151e+00 2.263132619598611228e+00 2.409290829584842974e+00 2.419504314989296745e+00 3.065681382887365469e+00
2.655473589021139502e-01 3.062166173958064674e-01 1.397453900717963826e+00 1.406204080890126606e+00 2.312970520710069255e+00 2.500621962884411076e+00 2.528657951967333339e+00
-2.293925583156589398e-01 -1.997899391493540844e-01 -1.305726302341914391e-01 9.926211807760559891e-01 2.055452750070781764e+00 2.235209749345868691e+00 2.405427303485135226e+00
1.003804860754126338e+00 1.121383829943981336e+00 1.250177017902585730e+00 1.848344093443863523e+00 2.198264781229962050e+00 2.515675268395691333e+00 3.672501008415762325e+00
2.487483164230569477e-01 5.448951967101479665e-01 6.574915665626654970e-01 1.587697081800112153e+00 1.775399087116100949e+00 2.191970531341588924e+00 2.310519739970006370e+00
5.910309766037225715e-02 5.561218888061268961e-01 6.856762894611361236e-01 8.227432325440472427e-01 1.196719204764938649e+00 1.333525305946374973e+00 2.287423208148437581e+00
2.580750604090459865e-01 8.051956676739341345e-01 8.736880177557454497e-01 1.437207523584076885e+00 1.494621019529544181e+00 2.040838095891260640e+00 2.646793996517405212e+00
1.273587799016879352e+00 1.526328917607174818e+00 1.682722701506486285e+00 1.788420582758019961e+00 1.874677338857073883e+00 2.280376409905593427e+00 2.729172514211330558e+00
-1.105157603306252234e+00 -8.362203621401786968e-01 -7.692310233947434739e-01 -9.850081185935127825e-02 6.854513468318252922e-01 1.906194692999823692e+00 1.989570242676918843e+00
1.004012880242423356e-01 2.137122585781467410e-01 8.972228165394511290e-01 9.765464198800837270e-01 1.499897025781581350e+00 1.710591485429294067e+00 1.938308297924428159e+00
-3.112611994746615485e-02 2.403404547439829952e-01 4.673090527422550378e-01 8.184117480559809366e-01 1.629728883555501273e+00 2.076828537415869036e+00 2.084680432395429772e+00
-1.335203835721352761e-01 -5.906562074513758975e-02 6.311044485542240956e-01 1.063944731971208757e+00 1.509622408495045809e+00 2.146630336754243196e+00 2.554733359367538092e+00
1.326618333124768512e+00 2.037114032111404516e+00 2.100113145267500592e+00 2.272364333049294416e+00 2.342631762171493826e+00 2.416472737689890238e+00 2.784151538694235040e+00
5.515715708248643268e-02 5.726479161045894273e-01 1.218816225860926528e+00 1.631699174074753289e+00 1.819279637138836669e+00 2.178308269334946257e+00 2.704605485170077817e+00
-2.187937921094013638e-01 4.893961140627670625e-01 7.499719393736020701e-01 1.520675973672710235e+00 1.948069998406535719e+00 2.102088038930373326e+00 2.124017826973426892e+00
3.357735101045919990e-01 4.567905700382934309e-01 7.386466990504149122e-01 9.804689553697193416e-01 9.834154763209798089e-01 1.487613526788063245e+00 2.156439837441606056e+00
3.159034508884903114e-01 9.774395578065100398e-01 1.017254525593324299e+00 1.232814474558254991e+00 2.045895554055903620e+00 2.489160364879421827e+00 2.815629499262596980e+00
4.680178080509633798e-01 9.351145562034637315e-01 1.305405123484480123e+00 1.958073456043155192e+00 1.981489092178589706e+00 2.478681636415834166e+00 2.565717368564994327e+00
-8.535198912586405839e-01 -4.147714592861222460e-01 6.815288784879338646e-01 1.225353954761342568e+00 1.442290850303874938e+00 2.036911686549403022e+00 2.450206861577992612e+00
-4.322592347198863649e-01 3.087895451448215978e-01 1.343068670917539231e+00 1.548854484869802040e+00 1.990542808783114959e+00 2.530817562047963598e+00 3.159941309448324187e+00
7.075054847674434599e-01 8.818589230315575511e-01 1.210124027631744204e+00 1.298134304424843677e+00 1.686683322931204376e+00 2.175077301417832398e+00 2.354025186678755599e+00
-4.622626924195778059e-02 4.347334748481026523e-01 1.908445747026191741e+00 2.147318370750737948e+00 2.210313561475832689e+00 2.230966493211164803e+00 2.648336299005129124e+00
-7.573367263857063714e-01 -6.169942049769477910e-01 6.606376594291203663e-02 1.767928183096494577e+00 1.829478612326061349e+00 1.972827189630455891e+00 2.181113364444866143e+00
-1.402365643192481637e-01 -1.331339022251042947e-01 1.769882846270002252e-01 3.108462360098872557e-01 1.352041878939444386e+00 1.520509077453413571e+00 1.600593087419318383e+00
-3.974749392943375259e-01 -9.952928294311751134e-02 2.164877886454235623e-01 4.285997058606982879e-01 5.349258130348589768e-01 9.417375718812628360e-01 1.157454465873345661e+00
-2.087262586987825408e+00 3.279732234448290984e-01 1.620334718487002057e+00 1.714831758232765235e+00 1.742101889471792564e+00 1.788303107950564019e+00 2.273234459992254042e+00
5.052797738516144610e-02 1.171631664781020987e+00 1.821139510158877428e+00 1.879876175551644879e+00 2.037312143448030355e+00 2.101808675349076339e+00 3.716599118597778695e+00
-1.112101266435572056e+00 1.622481353431053930e-01 4.448623195397451990e-01 4.803170314506028382e-01 5.201194381472049599e-01 8.078280340535411996e-01 1.050383998518455320e+00
-3.246343848115015862e-01 5.398211230763950708e-01 9.323653797738588045e-01 1.147429180033711305e+00 1.933838310037588659e+00 2.506004823969966822e+00 3.066516986288524205e+00
-1.507348123455748423e+00 -1.423667843886950113e+00 2.831369054775977334e-01 5.706564203879570529e-01 1.194310453256558491e+00 1.293892346138163951e+00 2.143545838338432041e+00
8.154991877571972081e-01 1.051918596289653562e+00 1.517795097716088115e+00 1.951658722904694887e+00 2.078081982815276785e+00 2.192204899652932859e+00 2.224888775218189618e+00
2.317340961794813747e-01 4.658732783868256289e-01 6.306280342202572609e-01 1.668932434587304892e+00 1.813036524472948940e+00 2.532640455721002493e+00 3.105358545678365445e+00
6.627809005979152790e-01 9.937760717748993500e-01 1.373821973033473975e+00 1.430874713213945215e+00 1.431556686058452765e+00 1.570919885757625423e+00 1.573953329022099945e+00
-3.445311249326700742e-01 2.166600062231954088e-02 4.250371359762526030e-02 1.073663969431469800e+00 1.726012821103671824e+00 2.109588617417566869e+00 2.548677941189072538e+00
7.242352119044661585e-01 1.226043974453339125e+00 1.321275984289299599e+00 1.389047416919199973e+00 2.079633490105188276e+00 2.484882841039302459e+00 2.583598319152436318e+00
1.441927035420657477e+00 1.459793601517405781e+00 1.639380751313411988e+00 2.703987452303922900e+00 2.780406077321960989e+00 3.129678307963146722e+00 3.185270201652457445e+00
-1.287125145074691668e+00 2.020856778362141470e-04 1.442145403101106949e+00 1.890746535527573879e+00 2.328624953913442042e+00 2.516769456782240066e+00 2.581463367629424077e+00
-7.146636195451770979e-01 -6.206150495730813205e-02 8.508053088868343661e-01 9.921338480808445937e-01 1.284634362817287601e+00 1.432863735852954346e+00 1.798074478131240550e+00
-8.806803318253906276e-01 1.117857321413182392e+00 1.691005615008658314e+00 1.993272426249937945e+00 2.239944044685250546e+00 2.843672613825917850e+00 3.010519001855147536e+00
1.238732451984142058e+00 1.248201773845393658e+00 1.297741297094925805e+00 2.107696024238408405e+00 2.133229604653509526e+00 2.344696735072198557e+00 3.474542708445337080e+00
-9.264754282126682616e-01 -8.758227787550094678e-01 -6.980645205352338234e-01 -5.799915244438730300e-01 -2.217410998020198920e-01 7.852474957801983679e-01 8.862025289120019078e-01
7.993370674852821045e-01 1.081455039831666243e+00 1.449247098359013997e+00 1.648983243740995697e+00 1.980844796905943506e+00 2.232263201416968101e+00 2.820155855443417181e+00
1.084529339856214358e+00 1.451435355351507805e+00 1.602258700073910580e+00 1.725154172462808777e+00 1.739924387573403619e+00 2.157395445996516781e+00 2.224864711030948072e+00
-5.952123579518326935e-01 6.175498946855996207e-01 7.851770410723909466e-01 1.640919643738924627e+00 1.795063332548652468e+00 1.932623312952652883e+00 2.882019728495484934e+00
-2.441600622817628352e+00 1.877092538430082946e-01 5.338264208799951005e-01 1.519263524002015142e+00 1.952043588858335621e+00 2.086920851823592216e+00 2.229355928627746675e+00
