-5.284946268866093089e-01 5.852599007386318775e-01 7.116914182708550252e-01
8.185810535904554097e-01 1.311077867151844156e+00 1.627083547791372320e+00
-3.981519995228139930e-01 -1.064310010409561941e-01 6.529481610490279753e-01
3.839934897681114290e-01 5.898032671934454463e-01 2.445396170273137937e+00
7.707611534885161486e-01 1.065390682171346803e+00 1.276803320905159911e+00
1.489990675238436202e+00 1.892441102238102246e+00 2.000267024090009560e+00
1.482778037930544413e-01 5.636598120461348005e-01 1.747749987178286668e+00
1.990758953023926248e+00 2.404356020655836090e+00 2.803921606964479896e+00
-1.251425473439177649e+00 1.099994061528450473e+00 2.172785595427306315e+00
1.730738833793945775e+00 1.777714656524369330e+00 1.825600411266379730e+00
-1.722271653530648150e+00 9.416266509438585564e-01 1.310994384180312666e+00
-8.272237363741670180e-01 1.268825540833117715e+00 2.050347369491737126e+00
-6.142802014689822121e-01 -3.447328321855633870e-01 1.249537787896531693e+00
1.116124685539389816e+00 1.711865079917787469e+00 1.996477419826436117e+00
-1.596042661540171270e+00 -1.041500201740769960e+00 -5.669282461568744269e-01
-3.994468891565252089e-01 -1.252759210277389901e-01 6.127725839439785993e-01
-8.880863403287319463e-03 2.446948224664646510e-01 4.703691198638537685e-01
-1.700211452210686813e+00 -1.037693726762881408e+00 1.222052965482741227e+00
-1.017011271031845521e+00 3.605117013232257417e-01 5.948111537714504404e-01
1.279601122011549741e+00 1.381859688376739337e+00 1.559030706255568610e+00
-1.368476662442105418e+00 7.075832518175815267e-01 1.457619200106101909e+00
5.128862200517537717e-01 1.006912554937479332e+00 1.298905792456468866e+00
1.964073460239766644e-01 2.200624752351759472e+00 2.359281746136663749e+00
-1.162739170820628054e+00 -5.708417978219719746e-01 3.837230531577075499e-01
1.792396484211422891e-01 7.909576465881517082e-01 9.508399040373634037e-01
2.339919613179624047e-01 4.980124173797813580e-01 1.264585932924982226e+00
1.787169244896448300e-03 6.401969961012696220e-02 1.452826486065142975e+00
-4.464630753956178033e-01 2.106347447290116415e-01 1.074461333486163905e+00
-6.367195133822644015e-01 3.803942155488803101e-01 2.199167518186360137e+00
-1.079728776718338334e+00 5.070472705717556927e-01 2.092697164885370498e+00
1.361681830744257526e+00 1.381537686749501503e+00 2.187097510015519664e+00
7.563808971542111959e-01 1.926554149956789086e+00 2.830113377639018601e+00
-9.169230960981678002e-01 9.962463626631187230e-01 1.154004331322613375e+00
2.441531033697132702e-01 8.773176614380595595e-01 1.530887621643522767e+00
-7.024262479769802781e-01 -1.138029788454020391e-01 3.207844668031176738e-01
-6.876597200942807797e-01 3.739943394604978155e-01 6.382088435964101691e-01
-7.127735463633242396e-01 -6.526169207577483533e-01 2.747875747555881404e-02
-1.219841667629038451e+00 2.185996611166455939e+00 3.033728137790063339e+00
-2.283137480774320993e-01 6.608758183150142962e-01 1.087135891383202990e+00
-1.535288921789965677e-01 1.124547073923130691e+00 1.771772596941293854e+00
8.742935018946459413e-01 1.155629656967818608e+00 1.189606638753623047e+00
1.030950732170637707e+00 1.610797405145399042e+00 1.680913638899761420e+00
-1.049511915263740658e+00 7.729790655573438862e-02 1.628055530150016583e+00
-1.026198218089121372e+00 -1.430920725808209892e-01 5.956342494735673565e-01
-1.552510096642591764e+00 8.335236098901227519e-02 3.325965331636880240e+00
-2.190071875935060974e-01 9.837473013900022156e-01 1.307766910687358397e+00
1.871464648382400009e+00 2.222556346393597337e+00 2.318059499051808192e+00
1.537037189934034598e-01 1.151495218924185160e+00 1.306931250208046791e+00
4.802437779686253294e-01 1.024923937854989031e+00 2.750652120579796467e+00
-3.274174615422187906e-01 -3.719242495696203910e-02 2.115062735742923916e+00
-1.369948158247258352e-01 1.417366879318327388e+00 2.511672669768163946e+00
-8.137685182097152969e-01 1.164678147003544995e+00 1.478944288717761513e+00
-2.935308103890848841e+00 -1.303488859791778864e+00 -1.076413386493369595e+00
1.980037875101829936e+00 2.337860970012262563e+00 3.741516111899932717e+00
-1.081992213972965633e+00 -8.150394291389617685e-01 9.685383358863983716e-01
2.750080816313429932e-01 1.235773169882395939e+00 1.767623102620160092e+00
-5.141460436756909447e-01 -2.362357008183292029e-01 -1.374969400256136343e-01
-7.422010608370481488e-02 4.031490473694517851e-01 1.968924667623611624e+00
-5.067599876935625636e-01 1.649121012742824188e+00 1.859403227855001450e+00
1.885478014176344530e+00 2.070625441569786229e+00 2.160446802387099297e+00
1.506534820043190503e-01 4.576003357237102276e-01 9.444396115177415840e-01
-4.959758455110402364e-01 2.665905483039622270e-01 9.097480404824969114e-01
-5.975303530649862527e-01 1.332003745501589842e+00 2.708806099896752695e+00
-1.819600148804267459e+00 -4.516698721617898316e-01 4.883830408214153151e-01
-8.442586437479788763e-01 -1.278696819433030631e-02 1.395762378950786697e+00
2.011156084708896064e+00 2.014283071285038140e+00 3.207982776600109442e+00
-8.362814185090879926e-01 -4.558095155999089543e-01 1.258646013202888936e+00
1.641072277894861930e-01 8.600352376679800681e-01 2.356278772972619340e+00
-1.687396331927417670e+00 -1.377664746779146743e+00 -3.689198886466872329e-01
3.887283192146498423e-01 1.237178315923182170e+00 1.404286198069075731e+00
1.797896483985390148e+00 2.369109488552384235e+00 2.824424654908182397e+00
-1.651951376777484326e-01 -3.716421061619663846e-02 1.792795832257439714e-01
-1.383074519042490069e-01 3.106669064899404351e-02 7.711826194003711388e-01
2.337751532335497762e-01 7.795188437716688012e-01 1.151745908308261290e+00
5.808415075880990486e-01 9.299614882977156327e-01 1.887688305289551227e+00
-1.375895163669559995e+00 -6.049142319122241540e-01 1.091769259787706697e-01
8.835083285976832457e-01 1.909596146588616650e+00 1.981804909626091016e+00
1.515171709882679130e+00 1.555164459337608385e+00 1.926616553822153799e+00
-5.113217867176099718e-01 1.297009640936302111e+00 1.540074530029585498e+00
-1.160564019196609120e+00 5.730332166919510639e-01 1.220647814001439180e+00
1.072464622663863887e+00 2.198182032756788029e+00 2.413140732429941870e+00
5.846598029076635061e-01 1.105398563722884475e+00 2.000451015494714380e+00
8.134615864599848978e-01 1.604357224550450045e+00 1.944463670464986693e+00
-3.885671676923783679e-01 1.399948386323298342e-02 1.026714566867622302e+00
-2.797256157912539343e-02 5.987133451376224214e-01 7.433219314311043657e-01
2.792111000096075130e-02 9.812996024349698310e-01 2.439335628926540434e+00
-2.046623710281729736e+00 -3.434649232957022180e-01 1.446942632152575237e-01
-9.416666565132113531e-01 -4.030248725166149515e-01 -3.470171288299557233e-01
-1.510981331896044555e+00 6.787365557197951871e-01 1.318052177076587839e+00
-7.827131084511778081e-01 1.158619303380822689e-02 1.425311401602211925e+00
4.526237853852571776e-03 3.172404664579046019e-01 1.101031656107133383e+00
1.377095389312638973e+00 1.960089798933716487e+00 2.359704402851860117e+00
-6.834396585046250694e-01 4.959953188274599523e-01 9.858584719665398621e-01
-5.936198703442043811e-01 1.727401137948671561e+00 2.751942169062029375e+00
-1.203512677306084244e+00 5.978577272348883920e-01 1.354636956345262933e+00
5.526898202698804496e-01 5.639130175486201102e-01 2.283894564545000172e+00
-7.846965440519007573e-02 -5.866896156301123350e-02 3.399150091287326259e-01
-6.606872774173627727e-01 -1.545995822825826926e-01 -4.247003653730768019e-02
-4.311240350435654456e-01 2.696187968525068923e-01 1.510244517099038841e+00
1.679026249614209709e-01 6.564641972418860938e-01 6.568782672784130305e-01
