1.393062028716818279e+00 1.508112293954590122e+00 1.662497445206307045e+00 2.406476327772049562e+00 2.589710413347806828e+00
-1.850926356873744183e+00 6.813239022190615835e-01 9.797488278030521691e-01 2.261596157375235006e+00 2.796758471733435059e+00
-7.840356288026813225e-02 3.662835418696354650e-01 5.849023454297763713e-01 1.170840119837369464e+00 1.177496470106529136e+00
-1.219744570740202150e+00 6.000563152039971593e-01 1.232827406504974244e+00 1.240526082544874065e+00 1.309931762907379893e+00
8.724994579850963161e-01 1.026116031046276245e+00 1.273931067546784313e+00 1.749291509207332895e+00 2.119781355795830713e+00
-4.393606353322949132e-01 1.774894421133381417e-02 3.401834407716610165e-01 1.915130294361490071e+00 3.593723295263769213e+00
3.856733792325510446e-02 1.852111286692842140e-01 1.390002901289401738e+00 1.958581123938218038e+00 2.182619598470730615e+00
-2.037447403348914554e-01 8.251399704700884685e-01 1.161555624594190483e+00 1.296653564484002930e+00 1.465926918629932407e+00
1.613961934624579486e+00 2.022080051317922678e+00 2.172725590684332353e+00 2.208006079491429130e+00 2.232034047636890950e+00
-9.615599692022026579e-01 -2.712701188067737079e-01 2.510993066265156948e-01 1.914078367113974499e+00 2.871294777608660365e+00
-3.534603484282711205e-01 4.158555971881985197e-02 3.387135146594877910e-01 9.045050647587841164e-01 1.448764015881080169e+00
-1.229800991808937427e+00 1.046637743884825528e-01 1.334850975553579122e+00 2.097649464989204127e+00 2.449959731186697631e+00
4.581069598264281284e-01 5.532056671470813036e-01 1.214977949197528106e+00 1.790329989301653102e+00 2.461301752365934181e+00
8.870408888882229670e-01 1.594756894971006256e+00 1.610088393623218872e+00 1.618567930581481962e+00 1.698985402933973710e+00
-6.898024586731782426e-01 4.855111820991638849e-01 1.214488662046090628e+00 1.418031773357020686e+00 1.494379817496555907e+00
-9.847845965503928545e-01 6.705519542979715419e-02 2.026314395231544552e+00 2.571947289886804988e+00 3.404041672400432983e+00
6.707746123745795819e-01 6.911098669337171208e-01 1.035331150213328222e+00 1.202075528481597599e+00 1.213592582421191501e+00
-2.311007025634778778e+00 -1.271472153598395050e+00 -6.314837359849041487e-01 -1.100205578849799692e-01 1.343450290499607958e+00
4.123929001490614366e-01 6.342163414287275147e-01 1.031850269563404643e+00 1.354719933591322256e+00 1.407780803605507058e+00
6.515779156782482984e-01 1.572215862646867413e+00 1.762984623127620276e+00 2.073996241047262323e+00 3.053591124683766367e+00
1.798937779232961054e+00 2.074615108169145294e+00 2.227693154646990248e+00 2.510877109816945119e+00 2.722715604634901254e+00
-6.732175721247196654e-02 1.602788775831006651e-01 7.314924612460802500e-01 1.246488833846070454e+00 1.561502021642636739e+00
-5.780226287284391876e-03 2.153431586157858735e-01 8.120122014987521952e-01 1.717034759356560025e+00 2.247226763801211114e+00
-1.119011011672334632e+00 -9.250583533717330331e-01 9.809231833199357764e-01 1.707007830023398398e+00 1.718856520797026777e+00
1.136366696434848889e+00 1.734832918488644848e+00 1.800791353693301122e+00 1.936747699368059905e+00 1.999068476235399405e+00
1.457014125595691878e+00 1.947223189090801831e+00 1.963959729135602128e+00 1.977309461062153106e+00 2.360831414214221269e+00
4.872323151210822267e-01 9.463151525406117148e-01 1.054586668656771087e+00 1.468745312071735309e+00 1.515975216423758987e+00
6.939995128120022283e-01 1.102404575875252091e+00 1.119118377923912000e+00 1.420895186205953786e+00 1.656393804731404185e+00
3.320204500539493675e-01 7.678656594604073016e-01 9.041841348295326375e-01 2.249929262406958674e+00 2.304813824243628240e+00
-6.084258447943195064e-02 3.810939690887439335e-01 1.122548892989649882e+00 1.603463160887990568e+00 1.652443052186150396e+00
-5.585830607677797488e-01 9.127259320965600553e-01 1.523313609318442952e+00 1.775737318971680523e+00 1.939302802438327200e+00
-8.426992987721090289e-01 7.345218147476604287e-01 1.798345500953806297e+00 1.987489400007322438e+00 2.075589865748557639e+00
1.654357244392860582e-01 5.594906260269383313e-01 1.289032778565152526e+00 2.147794681117434212e+00 2.194153620810293415e+00
3.546208957994693711e-01 5.162892946759759516e-01 1.071122585871379762e+00 1.218841685599205249e+00 1.469293566930847561e+00
2.720505956135635395e-01 6.399180468414986667e-01 7.952456793140264546e-01 1.938840534831186346e+00 2.127464546755838626e+00
-5.015724939102561564e-02 7.856869175387359849e-01 1.347656786551442609e+00 1.919723493131513692e+00 2.239581722096016136e+00
1.212406742173496976e+00 1.556272267240260909e+00 1.694136057213323054e+00 2.244195766571759787e+00 2.652457209519101244e+00
-1.755722006635392629e-01 7.643352414582323950e-01 7.760342375212034849e-01 1.745698664665608302e+00 1.926211724515963342e+00
1.607494590295113490e-01 2.176322901733030446e-01 3.658810294232163196e-01 1.387053255072831837e+00 1.929124149137230404e+00
-5.131558112199445520e-02 5.794710957311808297e-01 7.664061743538865823e-01 1.633766315549550985e+00 2.232486078540678598e+00
-1.396499627045147296e+00 1.770269609303029013e-01 8.933432641930266760e-01 1.650147377108133417e+00 1.861297301805432403e+00
1.934028481069333782e+00 2.310684346155157609e+00 2.407623677301853782e+00 2.598259908308883759e+00 2.887536128147953018e+00
6.667674806049210812e-01 1.021777101478582583e+00 1.966168923051731410e+00 2.656245830347199632e+00 2.833587336786657751e+00
-3.292706663529423761e+00 -7.862483616983739765e-01 3.691616033375784145e-01 1.326139691560212386e+00 1.625504338290766126e+00
-7.992761312418159014e-02 1.218269238357982398e-01 9.578592933770385676e-01 1.257919676150749844e+00 2.099442998215056644e+00
-1.349440782884297363e+00 1.528950216530995387e+00 1.675854084428585633e+00 1.774057525708779615e+00 1.861525563466510214e+00
9.333513722660483625e-01 1.409218192325734753e+00 1.736005121517292249e+00 1.899943907648046437e+00 2.774445326356206110e+00
8.058980161631594807e-01 1.843863898559302106e+00 2.335572247233168142e+00 2.341390213381419727e+00 2.413223364077307309e+00
-1.359338860278875405e+00 -3.230065202289019721e-01 -1.541039831743834243e-01 3.750852847120123013e-01 8.513423322430390128e-01
-1.335411729928937197e+00 -2.483205568342981562e-01 9.684211435985375926e-01 1.344590066840454456e+00 1.689180376316243404e+00
-1.428253709219445611e+00 -9.218277705320139237e-01 2.181304331223670179e+00 2.449481884950760247e+00 3.131951209957275051e+00
1.614476931653040737e+00 1.619247570875562037e+00 1.714577052414078873e+00 2.244351841401976966e+00 2.698960305830257145e+00
-1.078792649154237671e+00 3.853085248691880821e-02 1.360319699784542813e+00 1.800799777452021688e+00 1.878014451355962899e+00
-1.343827428280133907e+00 3.538771583802306497e-01 6.471215901746739663e-01 7.851882072578301175e-01 2.588707458181552568e+00
1.061658174540561772e+00 1.539507367401157678e+00 1.836320412319458528e+00 2.177941590936710359e+00 2.647987381497475035e+00
-7.417165296494094839e-01 -2.396633516754911875e-01 5.746274062663652149e-01 1.235875850775345119e+00 1.704916703608343909e+00
-1.640278053898836852e+00 1.387902419406566112e+00 1.787320454166046346e+00 2.068943624636250256e+00 3.099295846380745623e+00
1.918434139065074318e+00 2.046858905232597170e+00 2.175947129939584279e+00 2.589998629072462144e+00 3.323501014007750332e+00
2.249387140016527731e+00 2.256500825393541909e+00 2.391249401577053124e+00 2.429759815261634870e+00 2.506155918902399637e+00
-1.667811567513450166e+00 2.376826698403489146e-01 8.809233206054485343e-01 1.058294566538017456e+00 1.359277560907589111e+00
-7.291568517412209127e-01 -7.206259737184034231e-01 2.761350379962254284e-02 1.078948626054637039e+00 1.855296261347855191e+00
2.197532617584362358e-01 1.060956006975040333e+00 1.091472973258724499e+00 1.232922974746343492e+00 1.385380483214355474e+00
-1.331663514005491988e+00 1.209984167156701595e-01 1.143782082250953458e+00 1.305813024303742242e+00 1.348620941651618832e+00
-2.000647588488264628e+00 -3.040223787353636686e-02 3.762594625112140601e-01 6.643806158541755158e-01 7.350789021741623852e-01
5.001927296216599483e-01 1.685138105990981572e+00 1.795080859696418285e+00 2.174301275613911066e+00 2.574661138128202964e+00
1.325608840723454529e+00 1.747307766302614862e+00 1.822694755106980535e+00 1.918381976236118502e+00 1.980999505616025891e+00
9.422201064842362639e-01 9.806971473768612002e-01 1.802554175662155922e+00 1.931242985404048262e+00 2.505621448150060271e+00
-7.876801026603827971e-01 -2.349467963345319155e-01 -1.831127354779084615e-01 3.650660358622572210e-01 4.751841995282866105e-01
-7.554375371788311089e-01 8.489415427752350363e-02 2.451884150740236690e-01 2.355921247826947784e+00 2.862064871243064523e+00
2.752534796460422428e-01 6.382239684411304959e-01 1.072613064864129662e+00 1.275024611096722715e+00 1.638666926649433364e+00
-1.800029261717362994e+00 -1.438840187445515673e+00 7.304741871481074122e-01 2.529872642648193448e+00 3.376839852712135048e+00
-6.958967107340707781e-02 4.092368563326567732e-01 8.913121221626839619e-01 1.089301388700881557e+00 1.721797140367451906e+00
-3.284294345130781001e-02 1.787024173891258672e+00 1.809156279475928164e+00 2.101550472518939561e+00 2.481151953948532274e+00
7.601143228669407503e-02 8.127039911207698530e-01 9.618899902750056574e-01 1.460445756655849525e+00 2.082560171763538470e+00
-2.179236554872606701e-01 1.145316471054712126e+00 1.293514508329262735e+00 1.862327116665943416e+00 2.922614466874200456e+00
-8.607624753284159880e-01 -7.047235053577390884e-01 -4.514585676130842273e-01 1.172459261361756155e+00 2.176115323316535122e+00
-5.046603498515264130e-01 1.082927937225812487e+00 1.628250057090082858e+00 1.676726231210005302e+00 1.858667674767111366e+00
-1.832647488195498386e+00 -2.009363843286364470e-01 -1.869780525239861033e-02 2.300901548313973033e-01 1.440391635724293629e+00
-1.809831299719792119e-01 -6.673554234874243263e-02 7.912568956073694482e-01 8.653253423526341415e-01 1.253617942428462140e+00
4.088823305233086312e-03 1.721873328789613189e-01 3.843759110418837333e-01 4.385776540368684362e-01 6.234520262891525277e-01
-8.016312658357431509e-02 1.511053481344747595e+00 1.524781703726696636e+00 1.644037391112957991e+00 2.439752259648648725e+00
1.813850746118390811e+00 2.012767184215639382e+00 2.594927816123784758e+00 2.663240232193828216e+00 2.832789337453458067e+00
1.543345008420442976e+00 1.608812034880530373e+00 2.573227849661483546e+00 2.786218978561006754e+00 2.961517692869168439e+00
-2.214533887180802629e-01 6.657035579992098828e-01 1.809077059974093515e+00 2.225553837826612202e+00 2.528175639436492261e+00
4.530481628242322839e-02 1.403930861725790624e+00 2.445848303152613035e+00 2.594625562620781700e+00 4.316054678192468685e+00
-7.981517787919570894e-01 1.471697846746147897e+00 1.779029990355934565e+00 1.869165414313346707e+00 2.678722902417432827e+00
6.434852690547601672e-02 2.773905545071007062e-01 1.051937697241788872e+00 1.624249660752540514e+00 1.659743718484967268e+00
4.992143759054659680e-01 1.437140091375055384e+00 1.807451177319864488e+00 2.002161071300851525e+00 2.355436320686461915e+00
-1.161647666921305166e+00 -2.119078404138144966e-01 1.564128906779229944e-01 6.156501862193204389e-01 8.178691916129919859e-01
-1.555163467059332394e+00 -5.835776850326491738e-01 9.620897827972123284e-02 4.083722415841854469e-01 1.106162388621863002e+00
-3.572249468581983889e-01 -2.494272073540650392e-01 4.713736883708315450e-01 4.784255399330881176e-01 1.003283775840521530e+00
-1.436187184287682994e+00 1.279347167886849546e+00 1.693922823069023309e+00 2.069360749966076440e+00 2.334568989335255917e+00
1.397116048165076618e+00 2.344885013932694218e+00 2.796542551680861521e+00 2.841828818584103633e+00 3.005639939605010191e+00
-9.982774651777378550e-01 9.723330721872780469e-01 2.297957600457392502e+00 2.376356240802973918e+00 2.744860835295302781e+00
1.487689382567238150e+00 1.807235694028944684e+00 1.880078433473554744e+00 1.999188458609526764e+00 2.376183193795322612e+00
-4.552372344412430327e-01 1.145153992299769163e-01 7.529972234784340079e-01 1.182691640870004779e+00 1.806603733002038359e+00
-4.957008097270768632e-01 -3.135707938183376897e-01 -3.159618418474475360e-02 1.516339921134224333e+00 1.822902360594051085e+00
1.618106622657797811e+00 1.619853221283706901e+00 1.971016636046402981e+00 2.070579331630217901e+00 2.125907061979381840e+00
-3.895192225159967991e-01 1.909755485552882825e-01 4.727294563456059806e-01 8.910089608488842572e-01 9.936064985772985469e-01
8.648641924653940327e-01 8.658729012957747662e-01 1.055342442302061423e+00 1.076900166847036155e+00 1.194310644977045310e+00
