0.141508907
0.044556461
0.029033483
0.05101967
0.172673487
0.10821477
0.197318783
0.187779599
0.551189472
0.299175425
0.170848046
0.109224985
0.020455219
0.062669392
0.289724846
0.175759623
0.246956738
0.149137746
0.055810669
0.069699831
0.535732692
0.299278378
0.252143099
0.247152127
0.459616303
0.127033369
0.428676358
0.637275315
0.874476771
0.69161847
0.552085557
0.388198338
0.031621156
0.449830758
0.669439826
0.442388421
0.599733472
0.57031179
0.256571842
0.489387318
0.008871652
-0.026694942
-0.084999504
-0.043275257
-0.028989857
-0.016946451
-0.025406165
0.166419522
0.364671008
0.208140605
0.045285656
0.059343455
-0.089378615
0.205405916
0.133807165
0.067803432
0.092107223
0.1039939
0.010765207
0.080575488
0.183498015
-0.017418952
0.055191939
0.123547833
0.161610989
0.001478793
0.062112782
0.268471768
0.567027046
0.307466839
0.229633358
0.134416521
-0.02416786
0.007211212
0.28188806
0.128506662
0.34082479
0.168237046
-0.09062629
0.196865458
0.137071154
0.055732139
-0.038491523
0.025640827
0.021774094
-0.016969886
0.086717122
0.155158856
0.427166357
0.200657658
0.118953638
0.036433295
0.039319909
0.093312427
0.224587958
0.075360772
0.114634533
0.231606884
0.044213159
0.137052418
-0.031453248
-0.002588536
-0.00660892
0.136519311
0.091686556
0.077351969
-0.005234621
0.040414785
0.154148527
0.068718646
0.082649684
0.058613628
0.027724385
0.020614659
0.058206562
0.105555816
-0.042499038
0.062018775
-0.087498386
0.089430047
0.083296701
0.058966909
-0.121004325
-0.079995956
0.201136921
-0.017811197
-0.158889343
0.095986689
0.298614572
0.175295087
0.098684859
-0.013405037
-0.02201651
-0.005710777
0.160928946
0.058141328
0.093368034
0.122488467
-0.04202941
0.27057127
0.909211964
0.82461789
0.546852519
0.707489386
0.88147801
0.652323973
0.881333987
0.941635456
0.989135046
0.949137421
0.924926773
0.852644176
0.22188477
0.891773973
0.966519373
0.875001823
0.926282823
0.914761532
0.641056808
0.882321883
0.461688086
0.28287801
0.128820798
0.159928958
0.375979533
0.127445781
0.409612042
0.561009809
0.804643228
0.627644398
0.495238476
0.272662783
0.003494955
0.347571031
0.590416985
0.364071549
0.488209286
0.471925687
0.283920863
0.44582107
0.931641963
0.862830052
0.620039028
0.761129006
0.906918128
0.701555377
0.924060115
0.959762145
0.999221027
0.967164279
0.935004633
0.87104964
0.304886442
0.92931283
0.97989799
0.906814862
0.956642972
0.942548437
0.711795036
0.913534691
0.72839416
0.527822019
0.224559295
0.474796245
0.615859893
0.31449956
0.63941853
0.798603899
0.93978717
0.82149173
0.71432486
0.550873735
0.054013907
0.65605723
0.865600273
0.64484953
0.768025681
0.727903881
0.325049496
0.645945416
0.147416275
0.188016911
0.054075786
-0.080968684
0.121268203
-0.027283207
0.150824024
0.214324167
0.522033137
0.261550578
0.187466081
0.055821636
0.020193656
0.138440844
0.281273476
0.117374612
0.185804913
0.136143026
0.028167268
0.126620287
0.065754133
0.049692801
0.048546262
-0.043399999
0.06515268
-0.077934658
-0.019699299
0.012937249
0.00292243
0.00392662
-0.003093654
-0.092012188
-0.057635152
-0.01210795
0.014288743
0.11394293
0.05889975
0.083554633
0.021548059
0.249408285
0.148820267
0.115695772
0.035364918
0.20902525
0.053816458
0.192144051
0.346912506
0.697312027
0.411969621
0.272531606
0.139219013
-0.02509157
0.164729054
0.404533116
0.162950425
0.311118476
0.307030698
0.105052411
0.266330392
0.78682433
0.642838145
0.355771983
0.512846964
0.754929556
0.467912035
0.750462386
0.839090939
0.949222103
0.889141685
0.802917413
0.666563007
0.153802734
0.738163499
0.856952554
0.734788907
0.822147834
0.800903238
0.529714306
0.754085089
0.100659869
0.037804876
0.029150589
-0.026290125
0.054703779
0.047389737
0.055970154
0.240757788
0.421525923
0.187171068
0.089834636
0.047342576
0.12403421
0.079291085
0.245768609
0.074357133
0.084852047
0.216023421
0.02645949
0.076503329
0.409331997
0.331410466
0.030508487
0.123274968
0.340513512
0.156044377
0.361565298
0.489337756
0.803790071
0.570777817
0.444911371
0.320935348
0.105313343
0.389244482
0.574399415
0.340242286
0.447178887
0.442951824
0.362848125
0.33279439
0.781893387
0.600615185
0.353928733
0.451489134
0.702718756
0.395834485
0.713532928
0.84387554
0.971123101
0.877892711
0.795470049
0.597088948
0.15928799
0.717565946
0.883166713
0.701371464
0.814244745
0.793006922
0.423505608
0.73053326
-0.026294056
-0.003964942
-0.018587327
-0.047587483
0.027390849
0.023043866
0.048072422
0.061016755
0.039282446
0.035011424
0.285657362
0.02778811
-0.072005393
0.15646362
-0.002572618
0.040245718
0.05861737
0.055545536
-0.007333234
0.026251717
-0.014926699
0.008572623
-0.065977664
0.013874952
-0.053511037
-0.003852075
0.035804173
0.216780159
0.149707103
0.035545822
0.017076349
0.019256465
0.121017782
0.12337514
0.102436255
0.046776448
0.167198215
0.055724789
-0.034106196
-0.03102625
-0.037460219
0.040766331
-0.011569846
0.061092222
-0.102943183
0.04251711
0.120971546
0.325894908
0.1890864
0.210040488
-0.041994195
0.012858059
0.131282509
0.141647684
-0.009647645
-0.01706793
0.032717103
0.00504375
0.002295933
0.058168016
0.201180432
0.072706665
0.008356563
0.114831083
0.098365447
0.38618051
0.207042826
0.098928172
-0.064097152
0.063002277
0.119301736
0.187909191
0.082202642
0.137770447
0.098141154
-0.023368805
0.083784006
0.131656426
-0.000469006
-0.006159989
0.061694636
-0.064375046
0.031812988
0.179360233
-0.008112886
0.059211005
-0.027859784
-0.088163957
0.053467091
0.002820113
-0.008242565
0.2326368
0.018273276
0.019386515
0.09284652
0.300486655
-0.085389295
-0.010355867
0.127780909
-0.00661218
0.10588127
0.062232179
-0.047776337
0.031974209
0.076424493
0.231240533
0.139419911
-0.08933384
0.09459685
0.043201029
-0.063580596
0.154325995
0.044989067
0.026565776
0.079630968
-0.071944995
0.111664124
0.040023533
-0.128275151
-0.009969887
0.000222178
-0.02007818
0.009065484
-0.008629132
0.198452685
0.098114889
0.040068628
0.024458173
0.058738287
0.006553738
0.021154457
0.028921071
0.028444437
-0.034529107
0.015332952
0.117211046
-0.027822916
-0.035438948
-0.044731047
-0.05229269
-0.03100169
-0.002755514
0.055598935
0.024680834
0.03088139
0.027083219
-0.084775764
-0.085716902
-0.154205473
0.019302293
0.003679298
0.034893578
-0.048191633
-0.098697136
0.194666916
-0.023764248
0.051509862
-0.005219011
0.006043401
-0.091700088
-0.008858216
-0.075057655
0.130303466
0.152895008
0.05486546
-0.005834693
-0.050880311
-0.048813056
-0.011839551
-0.009643507
-0.057873892
0.057888286
0.026863957
-0.042977812
-0.02377094
0.760896189
0.528807106
0.266050493
0.441764889
0.682992623
0.323839706
0.668025505
0.802601714
0.951584859
0.848515435
0.758150401
0.60280795
0.167306372
0.681983237
0.860068912
0.681230513
0.772114834
0.751708725
0.399886117
0.690525862
0.183893591
0.03894132
0.00293648
-0.01493186
0.133635597
0.080370917
0.123665489
0.305318897
0.470435818
0.257394278
0.282087702
0.075068462
-0.085896159
0.038864362
0.186266526
0.117526183
0.188800765
0.219467418
0.058889459
0.071889199
0.83414855
0.659948467
0.422290691
0.561610134
0.756751977
0.450244329
0.799699902
0.88481827
0.982725297
0.906335223
0.856456377
0.702467405
0.135216225
0.770132682
0.911533714
0.774573102
0.864690544
0.840945478
0.494849588
0.784438899
0.408100349
0.366354761
0.121496354
0.153417403
0.302198086
0.136992304
0.337896497
0.493938085
0.800961685
0.556153984
0.432318213
0.319620014
0.032037496
0.390760029
0.559350138
0.311345407
0.465909817
0.437628558
0.066400756
0.3227773
0.046389332
0.011506892
0.061468372
-0.163783287
0.007601936
0.12348372
0.013353764
0.013535797
0.192801712
0.040176263
-0.036723063
0.01698565
0.002893261
-0.010404383
0.025438072
0.037210749
0.023618299
0.040634982
-0.026776689
0.070807469
0.107825083
0.04007961
-0.030424516
-0.052488607
-0.123684502
-0.095616921
0.026150727
-0.078655533
0.035778354
-0.01383584
-0.057169955
-0.003945511
-0.013201991
-0.019483827
0.125804138
-0.017637621
-0.040737634
-0.086126108
-0.015587371
0.114538368
-0.100097178
-0.029365315
-0.046348571
0.193728985
0.057452262
-0.028841237
0.108825801
0.358126141
0.203682165
0.162877261
-0.065673128
0.033175541
0.194058936
0.174740022
0.207980693
0.252412606
0.052970404
-0.124125643
0.090022676
0.462708182
0.29559201
0.147504239
0.248271062
0.386920104
0.171011811
0.375795291
0.556637668
0.769618048
0.633929783
0.47547329
0.278181887
-0.012917102
0.392636903
0.519014227
0.379160181
0.512480183
0.49636213
0.20600679
0.401574501
0.042773777
0.033240777
-0.01019681
0.031859969
0.037041153
-0.042726658
-0.013070144
0.026984228
0.176913712
0.025999914
0.294624372
0.001703225
0.020324813
0.040828605
0.118164539
0.039468317
0.048434574
0.043787035
-0.007466412
0.018877763
0.224445329
-0.016762396
0.025866953
-0.022390162
0.122709107
0.045771863
0.100747698
0.276220438
0.558219168
0.306058086
0.193383356
0.07661502
-0.047265169
0.127220487
0.275367018
0.138165192
0.234911767
0.198690717
0.073787897
0.120959205
0.482079808
0.301890142
0.1156045
0.202959371
0.385930827
0.159128928
0.360825724
0.586487418
0.847367242
0.621037732
0.510959564
0.296799817
0.092584439
0.37382594
0.619706128
0.388184284
0.532476607
0.480406282
0.170187483
0.381269277
-0.050616144
-0.131080253
-0.094667425
0.034336721
-0.096119602
-0.072236698
0.081713671
0.052644704
0.022410256
-0.003687546
0.030413131
0.039295431
-0.02904628
0.033320605
-0.10399625
0.022335052
-0.025475691
0.012460754
0.001214998
-0.06829246
0.000770581
0.051901333
-0.013195006
0.002647176
0.080476235
0.109483037
0.148124921
-0.056019649
-0.022853369
0.004630672
-0.055917501
-0.032875894
-0.042630446
0.039314246
-0.009165122
-0.002973927
0.066150669
0.137807758
0.05968042
-0.004237718
0.05150572
-0.022925307
0.022579941
0.045359415
0.134802387
0.488560326
0.23013052
0.114382891
-0.011001769
-0.043532813
0.006738868
0.210718843
0.047685627
0.192177248
0.08739552
0.150788192
0.019255802
0.589163864
0.367536979
0.216508371
0.279523585
0.486538072
0.138121663
0.497722576
0.687447395
0.907216633
0.755535509
0.598960441
0.386701944
-0.022724145
0.482453433
0.732231882
0.464569244
0.641937611
0.603796418
0.139234897
0.502221919
0.027279206
0.037075124
-0.048175049
0.088123032
0.019112009
0.034888839
0.0566285
0.179835339
0.247396252
0.077657067
0.045500215
0.025627906
-0.031261507
-0.05973379
0.123133905
0.048697636
0.143960797
-0.009523342
-0.005405631
-0.161863285
0.122231295
0.029819729
-0.042641028
-0.02918968
0.064025008
-0.010919166
-0.018233001
0.115645002
0.376876702
0.191731486
0.086590902
0.029662983
-0.04391808
0.030426158
0.111825631
0.042312224
0.074745105
0.118145591
0.045244563
0.010582258
0.051520913
0.023605031
-0.013246184
0.064458943
0.058234924
0.107805597
0.156376661
0.129914361
0.393538556
0.306260508
0.123079659
-0.016594894
-0.14211287
-0.005368613
0.21944177
0.071974928
0.131900789
0.147444291
-0.029982769
0.082787747
-0.09204472
0.053718044
0.013549109
-0.019343632
0.058848979
-0.00311974
-0.061136469
0.118809456
0.121608314
0.112030487
-0.055126548
-0.024472091
-0.029364041
0.038737855
0.035352875
0.032915907
0.10290309
0.009304708
-0.01985342
0.049501376
0.05484879
-0.118029028
-0.062795786
0.285147509
0.028348316
-0.01713997
-0.049759241
0.10295285
0.246417926
0.045415371
0.072246171
0.009796829
-0.061620302
-0.004774601
0.088897977
-0.052487333
0.032311582
0.045637704
-0.026541134
-0.025149192
0.93941079
0.844285647
0.541346652
0.72932761
0.890024211
0.569669256
0.891751608
0.959426059
1.005583487
0.98459341
0.94217748
0.859738165
0.167354582
0.910295604
0.973996778
0.879665193
0.960180734
0.95365411
0.620169705
0.886343548
0.431016905
0.254107843
0.03966323
0.220930382
0.321688988
0.128728721
0.367333874
0.505042845
0.820284775
0.58280897
0.450024918
0.269854991
0.019585709
0.317085091
0.559421782
0.341376046
0.455925882
0.429910287
0.052338471
0.3541848
0.942986669
0.852545621
0.562995202
0.751173822
0.909615015
0.609455074
0.914408659
0.957964343
1.008858967
0.98246869
0.952852094
0.857600001
0.146878737
0.919660068
0.987659812
0.903515637
0.960922544
0.938068898
0.628314441
0.904924447
0.747634241
0.549991324
0.275041144
0.425624623
0.659188619
0.28909512
0.647380684
0.836484179
0.975299883
0.861209903
0.760760309
0.574887087
0.049686456
0.71152151
0.858574603
0.63567779
0.784388433
0.758500877
0.34230167
0.663118064
0.12500465
0.008413726
-0.050710184
0.123575834
0.044686244
-0.003790668
0.097530355
0.328754366
0.509255889
0.290328478
0.192178902
0.067075272
-0.033561748
0.048062969
0.270804589
0.122158569
0.220695746
0.113428276
-0.086482069
0.098973335
-0.002243733
-0.07956288
0.053394725
0.067234484
0.041737162
-0.170566958
-0.07701337
0.05649026
-0.018616392
0.022751387
0.017974945
-0.137657659
-0.112323477
0.165847629
-0.054784209
0.006572241
0.035683698
-0.021485123
-0.0872188
0.21866118
0.086336306
-0.07527555
0.099664063
0.147688376
-0.094504048
0.181041296
0.292809321
0.634772474
0.342185853
0.2589279
0.130616671
-0.030929817
0.183121016
0.312612768
0.132367762
0.262780343
0.226612231
0.027050446
0.283996633
0.802593802
0.613333849
0.294176759
0.44041461
0.718563061
0.36851403
0.73117964
0.877068531
0.977917578
0.897847501
0.81379604
0.638929991
0.133582004
0.727406743
0.90310596
0.71132223
0.826149374
0.808817644
0.41581455
0.745781203
0.204720231
0.008907107
0.014991043
0.022515941
0.064772525
-0.050808429
0.038925951
0.126294091
0.352560749
0.15103174
0.077237175
-0.009579717
-0.00675861
0.066657471
0.172419632
0.04382151
0.158684236
0.106083945
0.026609996
0.030408109
0.397426678
0.285203914
0.066113825
0.162683525
0.354378691
0.108106264
0.31528404
0.493707648
0.834564577
0.567905319
0.440176228
0.236300746
0.003441859
0.324977795
0.535073245
0.32276034
0.452853674
0.432570918
0.13609702
0.366403948
0.806784173
0.618150734
0.330753066
0.496234603
0.693781582
0.320184956
0.718887662
0.855142543
0.995788954
0.898756798
0.803593827
0.603154441
0.07032089
0.72952116
0.885028948
0.696783256
0.841201882
0.80589965
0.381407277
0.723175297
-0.021095752
0.007112374
0.01101344
-0.038878789
0.015419398
-0.007891298
0.047352479
-0.026212752
0.027346027
0.053020511
-0.014105589
-0.004732394
-0.041356318
-0.000142927
-0.008742982
0.023218376
0.018301065
-0.006339386
-0.042772956
0.05762575
-0.02773898
0.029193377
-0.013014945
-0.117924848
0.026493833
0.002231776
0.000613574
0.01028491
0.115531398
0.056989861
0.014498086
-0.022224288
-0.067443876
0.01665328
0.07128677
0.082349765
-0.053898895
0.052917207
-0.01297442
-0.019479751
0.181078859
0.078313324
0.131840666
0.066337851
0.135477104
-0.049707239
0.131910767
0.225569845
0.53313215
0.260068513
0.179659004
0.081312329
-0.126148116
0.120191742
0.245406266
0.018818156
0.198070157
0.163547654
-0.031748415
0.042542135
0.674615725
0.424967647
0.181889709
0.27509813
0.525148022
0.21104932
0.527405853
0.765168032
0.953217248
0.821551005
0.694246583
0.473102583
0.096060888
0.595918906
0.784822404
0.572697848
0.728296955
0.692362805
0.204239121
0.583782311
0.072400619
-0.018082167
0.082916673
0.018837047
-0.032180757
0.065766516
0.072839523
0.286029524
0.164356958
-0.001464004
0.031945202
-0.083663112
0.02182819
0.114299957
0.01828854
0.05529582
0.042736413
0.040819071
0.016986614
0.110825365
0.031223467
0.017422187
0.083435656
0.120544497
0.043231705
0.097948161
0.257889263
0.487150852
0.265021754
0.172061708
0.047660096
-0.03115288
-0.039097099
0.233125161
0.080731203
0.174850114
0.123200894
0.042489351
0.2228081
0.063097165
-0.017736512
0.040087689
0.025425463
-0.009701298
0.042683391
-0.002402484
0.141166771
0.374912336
0.146266165
0.100066549
0.077498502
-0.043588554
-0.018721662
0.171678985
0.050583887
0.072001539
0.23793655
-0.168862625
-0.066893112
0.120856465
-0.036221916
0.018104865
0.042207223
-0.019791635
0.035984296
0.039089551
0.032997977
0.207975788
0.035084751
0.128843767
-0.04454881
-0.048372751
0.049571376
0.053119924
0.191548095
0.061957623
-0.042838244
-0.045459656
0.026620006
0.04866072
-0.096367268
-0.065171061
0.041234602
0.013017766
0.12362521
0.097368735
0.282901849
0.131428837
-0.003105503
-0.081216858
-0.032323064
0.085772304
0.144803174
0.026294603
0.085477319
0.091217265
0.000413892
0.062591211
0.933660523
0.851233405
0.569912255
0.745367916
0.915516056
0.592777601
0.920117761
0.972771036
1.007499348
0.984705642
0.934598348
0.883938091
0.208672159
0.919558975
0.972134835
0.910818318
0.972868625
0.968548757
0.661922171
0.919523664
0.543676384
0.356626698
0.04134802
0.21690833
0.474260179
0.164419516
0.46129623
0.662434329
0.923605073
0.747140928
0.586299373
0.440269162
0.032755621
0.450491191
0.716006524
0.431275252
0.579090335
0.579621207
0.2026431
0.484831889
0.981267835
0.902847926
0.708819849
0.848515684
0.950246123
0.746898544
0.965280244
0.994439716
1.026803807
0.98994471
0.982894643
0.921347185
0.258868924
0.961489207
0.999302756
0.952374818
0.97656315
0.977624011
0.774372859
0.955103156
0.747230102
0.552978618
0.321771973
0.440202763
0.637630857
0.275269437
0.672487992
0.820933167
0.987070688
0.878828651
0.77305614
0.577119427
0.015434874
0.659416988
0.86757281
0.643682274
0.805634159
0.757147897
0.340599487
0.658437585
0.196659404
0.10071533
0.053794341
0.030928678
0.076953793
-0.011321214
0.219819825
0.29792141
0.54824434
0.297397584
0.334567327
-0.135383949
-0.005306303
0.135420707
0.310063889
0.117556643
0.177304684
0.180115853
0.052263247
0.054728708
-0.104098504
0.077459632
0.131725891
-0.067998602
-0.027512751
-0.132513151
-0.046727929
0.052706777
-0.066159111
0.000464435
0.027288334
0.042992078
-0.082599001
-0.156455099
-0.06015503
0.019646263
-0.036460067
-0.075906524
-0.073460208
-0.014960385
0.265972071
0.009093763
-0.045792449
-0.083579119
0.161856485
0.129371514
0.278809682
0.333499954
0.685057859
0.402188333
0.288533057
0.129490744
-0.174929488
0.220616811
0.379684038
0.177716047
0.322131717
0.281283112
0.070404269
0.204114689
0.807870368
0.634702619
0.343411083
0.471667562
0.72045626
0.379874592
0.726152338
0.872005561
0.979851603
0.913093935
0.82599961
0.625523268
0.204382855
0.740578515
0.889885209
0.708912733
0.847424493
0.810955439
0.42633326
0.756861302
0.231783078
0.059092692
-0.022361481
-0.036556234
0.072653812
0.016186254
0.044827325
0.172289565
0.408431316
0.198371078
0.154083512
0.024085608
-0.025926058
0.059982735
0.190806235
0.0643253
0.1984806
0.057582368
0.020814544
0.081888592
0.438135874
0.269481054
-0.009914408
0.257896764
0.374002481
0.157061599
0.380728273
0.539098994
0.863759514
0.611520217
0.478528454
0.27300991
-0.025974151
0.359076929
0.597002618
0.382848706
0.509459573
0.44326675
0.234478306
0.356829767
0.775246597
0.640073917
0.359627187
0.484973373
0.709330364
0.353668482
0.724787025
0.88008076
0.990860327
0.909137227
0.83802714
0.624998251
0.021014831
0.75201994
0.905159213
0.712894065
0.84878103
0.817823745
0.386363494
0.72644518
-0.094249525
0.070261817
-0.026581251
0.099123264
0.057615204
-0.018024961
-0.07695721
0.048126606
0.114824263
0.081700203
0.168119629
-0.086328847
-0.059489759
-0.055521677
0.045546366
0.008869607
-0.085854801
0.045148743
-0.030013133
0.017774612
-0.009902625
-0.030013133
-0.022537324
-0.027880461
-0.008961119
0.059762501
-0.000757328
0.113793176
0.01198955
0.049151746
-0.114442674
0.060590131
-0.031781646
0.047636744
0.047361268
0.067232168
-0.113699774
-0.028630144
-0.030283223
-0.006630296
0.171418035
-0.071144024
0.052479707
0.014039205
0.067334621
0.01757414
0.051921255
0.238923158
0.040073017
0.083007099
-0.067258262
-0.062825967
0.057574431
0.248620568
0.061217747
0.075449784
0.039151559
-0.03892162
0.011065785
0.267441749
0.049930608
0.235330106
0.030191398
0.215094463
0.086418426
0.148086213
0.375015808
0.637474964
0.393521073
0.276720968
0.046868565
0.275936329
0.387225065
0.302324549
0.320336802
0.255124195
-0.021679493
0.208237551
0.036282192
0.005333432
0.08578631
0.020385807
-0.028650989
-0.049802415
-0.138297698
0.128813355
0.045290334
-0.031637018
-0.117269772
0.078163546
-0.022209017
0.189844632
-0.00946363
0.035706043
0.001383696
-0.036661398
0.130110298
0.021455145
0.031510127
-0.076156674
0.029326036
0.273693888
0.083828632
0.051946294
0.00097648
0.133027592
0.001354193
0.149933127
0.03148
0.08968943
0.176401752
-0.124948705
0.053939204
-0.101668089
-0.082672727
-0.030498846
0.009275239
-0.037134697
0.018677051
0.032551218
0.266750977
0.147682094
0.026475704
-0.065752604
0.025757138
-0.088432234
0.140933566
-0.027534401
-0.029547575
0.019244589
0.000776903
0.107220789
0.201113928
-0.084417978
-0.019380495
-0.022500792
-0.020616036
-0.023688066
0.047878324
0.152731638
0.075467564
0.015091902
0.004403958
-0.014367876
0.110245711
0.155461443
0.035447294
0.032128015
-0.036239155
0.009654955
-0.064952065
0.017415062
0.098993598
-0.054283218
0.033089578
0.041378432
0.02154906
0.038008454
0.194741528
0.118690128
0.197030458
0.100608325
0.044808063
-0.041072983
0.209124391
0.218005511
0.060193527
0.049269023
0.325439144
-0.014474797
0.191865296
-0.010359064
0.735432103
0.543656879
0.243956437
0.438743922
0.628812782
0.367740801
0.660820519
0.798267423
0.961151131
0.8380527
0.756065394
0.601793603
0.081005897
0.67294897
0.867868532
0.668749198
0.77802461
0.738530809
0.329458236
0.675639591
0.338313021
0.151201565
0.058514442
0.082506798
0.198137004
0.126955868
0.235733306
0.426832332
0.696928185
0.446776832
0.319896021
0.173169886
0.082189117
0.333298383
0.418259234
0.288040512
0.342137264
0.322768384
0.097004546
0.198782912
0.848172361
0.723511906
0.446408333
0.572397203
0.779764454
0.507351195
0.81974793
0.899470913
0.97272869
0.913769311
0.843655318
0.753328367
0.179968499
0.818994792
0.9251939
0.79709924
0.882317471
0.864987018
0.479546863
0.792285652
0.429701613
0.313406752
0.058205235
0.180757958
0.258810007
0.090912039
0.304660765
0.471849241
0.813020767
0.536102138
0.401229826
0.265724399
0.155325407
0.332904722
0.59836284
0.362938997
0.439009946
0.410405762
0.133049983
0.285748656
0.165768284
0.113114692
-0.017472868
-0.002225543
0.033918539
0.090533658
-0.014453374
0.034411038
0.256886499
0.107044892
0.095390066
0.023081741
0.043110488
0.015090845
0.122774
0.015286556
0.006259778
0.175796155
0.090523856
-0.037259897
-0.14652643
-0.148762437
-0.144856174
-0.039610642
0.036212371
-0.048471828
-0.054073332
-0.062241075
0.090416758
0.058559678
0.004949862
0.071184426
0.003376343
0.025054729
0.007666612
0.004559404
0.007149024
-0.035359005
0.057093641
0.067709944
-0.020504809
0.012461559
0.051420291
0.047272381
0.086898094
0.312297323
0.155733317
0.458045638
0.174351167
0.074771055
0.129622077
0.002357115
0.005378699
0.279266412
0.077041765
0.104272583
0.045107229
-0.085777155
0.075497599
0.631952636
0.448882033
0.222993987
0.319181414
0.564518983
0.276161369
0.55331745
0.712422442
0.90133127
0.775347019
0.641535695
0.440283943
0.065708512
0.541679008
0.734685471
0.535835603
0.666140647
0.650320761
0.38594035
0.594431069
0.05923078
0.034778869
-0.048255953
0.04228283
0.03315314
-0.028237423
0.055271279
0.018028162
0.222093259
0.099635111
0.059269893
0.014028353
-0.016223887
0.037413564
0.183237235
0.038681756
0.006780995
0.079370856
-0.074945736
0.032014064
0.360770694
0.128979688
0.022309835
0.074257876
0.182255766
0.051554367
0.158858499
0.275227281
0.644047901
0.363595909
0.234730531
0.176614925
-0.038733816
0.175387997
0.405755623
0.188873797
0.27211995
0.321582453
0.002740325
0.223633506
0.450907332
0.286174081
0.106196476
0.204985583
0.312183576
0.170099552
0.387837582
0.499809329
0.844339412
0.576226746
0.445491267
0.35856481
0.044563313
0.384092478
0.639848018
0.366321601
0.4927253
0.447369491
0.164711041
0.388820663
0.040997415
0.049183883
0.076465879
0.152298629
-0.000963982
0.117129581
0.077462224
0.055532074
0.137847835
-0.052521315
-0.124052176
0.030958882
0.041764358
0.076043579
0.001444714
-0.018428666
-0.00095986
0.032826203
-0.009489927
0.042015155
0.007710706
-0.047335909
0.133026438
0.032927626
0.036657289
-0.032365316
0.029560607
0.183913551
0.064467498
0.045893586
-0.021436706
-0.051917525
-0.006353268
0.038137071
0.026946703
0.235120036
0.019483549
-0.009252846
0.127917196
-0.005652203
-0.089186246
0.027533552
-0.034139781
0.04495605
0.026469212
-0.014464939
-0.015078752
0.209210114
0.101384902
0.027860616
-0.038188522
-0.031833368
-0.069323163
0.033330687
0.033233944
0.019623574
0.127768648
0.094038309
0.026548948
0.127709295
0.073216148
-0.116145002
-0.001464073
0.096028453
0.040041889
0.063149354
0.280665716
0.399271777
0.225996725
0.121333147
0.113968676
0.049084022
0.100224513
0.148578145
0.074299719
0.099720982
0.136473785
0.069839864
0.024026391
-0.049037721
0.001428266
0.066287887
-0.036193336
-0.089916433
0.02995583
0.059789131
0.029373165
0.066213788
0.03284964
-0.017061599
-0.001590363
0.031874249
0.00392602
-0.015459109
-0.021955035
0.078440135
-0.035431632
0.006273399
0.027877527
-0.047968306
-0.066213825
-0.057462957
0.026061621
0.051407582
-0.103780054
-0.007340029
0.052018469
0.102997426
0.052246548
0.014976298
-0.036516543
0.019564585
0.045526723
0.095130711
-0.099502002
0.145616582
0.08233607
-0.005793789
0.004773762
0.015423406
0.000658928
-0.004028362
-0.06782642
0.053654246
-0.02034417
-0.090962848
-0.019962394
0.14034353
0.146206956
0.073432903
-0.022384246
0.040297859
0.09415748
0.041757958
0.038880206
-0.002230624
-0.073220169
0.009733634
0.003920716
0.141096951
-0.015113214
-0.044556575
-0.076627805
-0.004501193
-0.027796892
0.058543162
-0.044913113
-0.033112189
-0.001648407
0.004166747
0.015880455
0.036980295
-0.015754567
-0.001816385
-0.029733018
0.014021747
0.01562091
0.080381106
0.013907083
0.070307796
-0.067991009
0.036471079
0.002388475
-0.100163547
0.04941385
-0.000830398
-0.055303496
-0.060649002
0.056073927
0.045370183
0.072804908
0.072074566
0.013782973
0.041847196
-0.026127823
0.019381201
0.02949263
-0.074667284
0.038852352
0.609408762
0.402372263
0.191305645
0.285748267
0.497539406
0.173427518
0.514015574
0.673165571
0.916927578
0.747421786
0.635569205
0.461454848
0.040696053
0.509121029
0.752139219
0.494534938
0.656999712
0.597057719
0.282541768
0.528330428
0.082596788
0.107834156
-0.067891771
0.075616218
0.099645809
0.007028326
0.261704876
0.235323566
0.333281398
0.166236334
0.139821493
0.105911375
0.040118644
0.035891588
0.172395909
0.135226485
0.12128916
0.13144839
0.05151457
0.043810609
0.6876158
0.499875735
0.270808449
0.34927417
0.603613504
0.296635177
0.630958719
0.774813517
0.94518841
0.818946727
0.715078539
0.529955587
0.178160261
0.623788827
0.832549962
0.602728508
0.745439216
0.727398435
0.330356663
0.62211018
0.281603108
0.201434921
0.120878664
0.102556606
0.231649893
0.171405083
0.207331759
0.346379497
0.705733058
0.43517179
0.283496348
0.143112373
-0.023638098
0.242514146
0.434155934
0.226999783
0.329511085
0.305614984
0.066381418
0.205522486
-0.006203585
-0.063659039
0.031423526
-0.128797701
0.051556094
-0.011923857
-0.058421516
0.009601523
0.122881274
-0.009816774
0.021006391
0.068253846
-0.04163877
-0.019095303
0.094990621
0.029302311
0.066153752
0.06453512
0.012710238
0.036428654
-0.0099684
-0.070355792
-0.06903677
-0.039628095
0.050638936
0.007654372
0.037621325
0.058011266
-0.000217219
0.07974859
-0.048212551
0.007839715
0.157557333
-0.054746554
-0.054758618
0.060097672
-0.028965225
-0.068571067
-0.075345277
0.040109347
-0.09479177
-0.054903243
-0.036597882
-0.07876846
-0.053972398
-0.134487516
0.090092745
0.262441634
0.047067201
0.088023276
-0.007963569
0.247463984
0.044410261
0.045306803
0.134305471
0.112600342
-0.027106642
0.012063856
0.035474938
0.343031995
0.24891463
0.061220235
0.248540779
0.284808802
0.166662215
0.285943422
0.420569099
0.698014971
0.499697022
0.347160653
0.278862774
-0.003457
0.254734626
0.421254411
0.264201365
0.390653228
0.359929381
0.108297746
0.300820294
0.043860855
-0.029848721
0.021573732
0.12019879
0.012708669
0.062561331
-0.00069116
0.033484325
0.091606172
0.063266267
0.004187914
0.070601782
-0.016160313
-0.026359686
0.049833086
0.083699987
0.030926205
-0.080853323
0.010641303
0.045710127
0.09794736
0.072551174
0.111090482
0.048059224
0.130961298
0.07243223
0.197941544
0.101015037
0.365029228
0.113349492
0.095415912
0.004843609
0.156341742
0.074167849
0.161506156
0.060792074
0.125365141
0.080836924
0.094168942
0.067514868
0.377084877
0.235517045
0.108551362
0.101408101
0.277968012
0.07316835
0.217882076
0.446654045
0.730693154
0.469396171
0.394403873
0.17263775
0.01548995
0.27071932
0.472042731
0.23600218
0.389526099
0.323716542
0.064291062
0.322441299
-0.029655862
-0.020222917
-0.16271619
-0.225137986
-0.023486437
0.116305276
0.02224384
0.022913353
0.055270576
0.012802791
0.275841642
-0.024239598
-0.079514265
-0.009805952
-0.006201322
-0.033595404
0.033616503
-0.08125304
-0.149546415
0.009131327
-0.016529694
-0.079657138
0.030589399
0.045989657
0.055315372
-0.07779089
-0.04783345
-0.014542635
0.010356012
0.010307053
0.198173464
-0.053730012
-0.033736708
0.094164178
0.029209884
0.062319036
-0.024463314
-0.032740042
-0.077467047
0.081284036
0.29519576
0.089475523
-0.084875437
-0.080046366
0.039243249
0.027774093
0.090527803
0.145150281
0.411181321
0.210849777
0.122979747
-0.012653923
-0.019451462
0.236554818
0.190429677
0.087724948
0.127665968
0.23281971
-0.026975029
0.083805876
0.379425898
0.210624134
0.156701361
0.192037071
0.312245703
0.249446975
0.316106407
0.498423329
0.77005782
0.545156575
0.43316476
0.391179648
0.327808439
0.499030627
0.315259101
0.438969384
0.426251943
0.157742249
0.332222242
-0.059523466
-0.010436971
0.014040595
0.007671772
-0.13596642
0.046582284
0.23051559
0.244100152
0.09500146
0.017851941
0.119990847
0.045613857
0.140377694
0.076905285
0.12599269
0.010874798
0.013510727
0.094750867
0.054297959
-0.048589129
0.045921095
0.004552163
0.086634668
-0.046658022
0.04484249
0.079371995
0.379190313
0.195618117
0.252563401
0.057128621
-0.01441023
0.148561278
0.155763453
-0.040131211
0.113325003
0.100219668
0.084364525
0.289852094
0.064183756
0.077282641
0.082101661
0.101447222
-0.158602196
0.038615654
0.088690564
0.359667783
0.211452281
0.049082808
0.011047569
0.055135338
0.051658838
0.214858968
0.056557496
0.217629284
0.232294017
-0.001392782
0.037295942
0.021965762
0.029317645
-0.053696334
0.001075212
0.063075809
0.11212049
0.055637928
-0.026944039
0.084849358
0.09497946
-0.030267547
-0.09708114
-0.039714085
0.047049625
0.104131114
-0.008524398
0.025113425
-0.089327597
0.005441346
-0.022590257
-0.054746614
-0.119010774
0.014173353
0.086939391
0.000821758
-0.072940014
0.165237334
0.241708063
0.025947947
0.119486692
-0.013290567
0.034548242
0.074336095
0.076014804
0.20409334
0.083048579
0.063444029
0.036487761
0.857316269
0.761206921
0.398092353
0.628616555
0.807119278
0.511579879
0.837894197
0.895765196
0.995898484
0.932379796
0.890195067
0.753219761
0.173815328
0.830295885
0.934417799
0.818387514
0.877387396
0.873838586
0.594145822
0.838256403
0.383746801
0.241578087
0.116833528
0.282618621
0.153167028
0.295314849
0.488387122
0.746481705
0.551651382
0.398413218
0.242187899
0.032277242
0.259922924
0.495268722
0.381188481
0.420500809
0.476129571
0.214508856
0.368278515
0.923819498
0.83178587
0.583494829
0.748536666
0.890596083
0.668204573
0.894696877
0.947908277
0.991716216
0.955632961
0.934353135
0.863255376
0.283967801
0.917816231
0.961538229
0.889827293
0.951918997
0.931465586
0.683927145
0.905867311
0.608288306
0.356667385
0.120885798
0.329156647
0.474596806
0.274011281
0.493825481
0.655542679
0.914291445
0.719715484
0.604161479
0.420293999
0.006885689
0.491341985
0.773092201
0.515548584
0.644666013
0.584589343
0.352715114
0.493828978
0.213462149
0.086154697
-0.00840601
-0.0662842
0.032698125
-0.002063627
0.035918087
0.175158375
0.396059959
0.208695014
0.111819479
0.137839823
-0.031617009
0.071021919
0.179287167
0.041720418
0.075480175
0.198019895
0.071337659
0.077398146
-0.078063325
0.030329661
0.010455424
-0.077394536
0.028394758
0.059262606
0.070739291
0.178703954
-0.057885165
-0.136965468
-0.110119016
0.012936924
0.055957496
-0.036131795
-0.02386973
0.010018203
-0.034987342
0.005981429
0.190676939
0.092654426
0.010945569
0.033556336
0.109713198
0.089198294
0.163333661
0.236709572
0.542391552
0.341167495
0.181512526
0.093088312
0.012212064
0.294149115
0.303786923
0.133519455
0.246753124
0.247851804
0.089754133
0.086132388
0.719983326
0.522498019
0.259536203
0.412937815
0.645128243
0.34010477
0.640960383
0.796181649
0.910655512
0.831413457
0.733695627
0.581128699
0.103994118
0.606613846
0.788776067
0.636374075
0.740558363
0.732444955
0.410261777
0.652667254
0.03226677
0.026929231
-0.132070297
0.044523587
0.082146103
-0.007508841
0.06768028
0.116143252
0.273401666
0.128389008
0.023109059
-0.02079856
-0.007708689
0.085659597
0.113739411
0.072267805
0.175321092
0.102912927
0.025252237
-0.073530064
0.335042496
0.188957607
0.034188958
0.189962811
0.287641237
-0.01579836
0.244847719
0.420237455
0.750731049
0.495823549
0.368282913
0.15925508
-0.030918941
0.236730989
0.513700253
0.270932214
0.388120049
0.373530429
0.115305537
0.284915974
0.624852769
0.396854064
0.201504151
0.367103606
0.535334342
0.243793199
0.542957236
0.725966276
0.907219874
0.770650123
0.657026751
0.492933424
0.032899858
0.559971488
0.779862466
0.533118681
0.689797735
0.655904413
0.320067322
0.580834478
0.037219517
0.028106572
0.013184825
0.086725736
-0.014406459
-0.044280109
0.053255274
-0.012694367
0.045798662
-0.029180802
0.074783117
-0.091867372
0.033422523
-0.000926113
-0.033670604
0.08183027
0.015996403
0.027393096
-0.118598089
-0.01075991
0.027784982
0.002620164
-0.007562337
-0.000517298
0.008533462
-0.014956349
-0.007381303
0.170879423
0.188987474
-0.007495147
0.121466078
0.026177492
0.102004719
0.092445282
0.087827056
0.003458695
-0.124582132
0.045473017
0.105808452
0.072324015
-0.024705337
-0.06405293
0.027429127
0.027483025
0.100814112
0.272595601
0.43493827
0.187876325
0.191328161
0.194177894
0.090641107
0.190122185
0.311070303
0.11718375
0.180559112
0.098955139
0.016406729
0.066662273
0.494512615
0.31846666
0.0716981
0.204929286
0.374789475
0.125537613
0.399150347
0.562132682
0.837413117
0.665236274
0.505014726
0.379919633
0.023507418
0.393170817
0.638712759
0.391112099
0.530593764
0.514337258
0.11458199
0.409079781
0.104898028
0.008041135
-0.061143653
0.029127449
0.036720442
0.009042741
-0.1116888
0.050023018
0.314335314
0.11727816
0.057735041
-0.025685719
-0.043781998
0.005227831
0.116283674
-0.024990526
0.061360301
0.035527527
0.056966941
0.008987986
0.291844876
0.001863723
-1.25e-05
0.161351935
0.272126368
-0.074457728
0.012550984
0.141421395
0.440623082
0.225337365
0.11951654
-0.084991895
-0.017498852
0.002356834
0.20814017
0.154663189
0.105642338
0.174367753
0.037887167
0.073392612
0.24476215
-0.063480501
0.019397163
-0.004037983
0.130375546
0.035091912
0.180761068
0.359523029
0.205429452
0.033443725
0.04198059
0.068317547
0.057799256
0.183330541
0.191954638
0.046402399
0.155734687
-0.066916775
0.095308166
0.099133926
0.013838713
-0.149277198
0.144501195
-0.002389636
-0.018871232
0.018903937
0.056171147
0.224479063
0.043931902
0.052868461
0.022540383
0.005705231
0.016780562
0.099562674
0.025559725
0.094334917
-0.031440785
0.016011055
0.074946126
0.063456418
0.095464957
-0.036856277
0.043759507
0.011822063
-0.031175178
-0.014749888
0.007164695
0.368166005
0.107115191
0.186320415
0.284269484
-0.076319735
0.043389041
0.160314559
0.093374519
0.204546551
0.111368291
0.117703995
0.053842102
0.818990996
0.694421737
0.375760515
0.520122253
0.782402691
0.466347309
0.799640162
0.884764905
0.98845936
0.918292705
0.852880369
0.716363594
0.139046107
0.775677371
0.938073093
0.780789632
0.864982204
0.841657036
0.444443201
0.788965928
0.458023161
0.301418446
0.119562449
0.28175667
0.424194525
0.126663246
0.413777965
0.579521009
0.826012324
0.665141957
0.503237249
0.293874198
0.108288716
0.386813252
0.604738046
0.400085505
0.51152345
0.5073973
0.226869272
0.464547992
0.914918265
0.837898294
0.545826393
0.703485856
0.872635642
0.641990835
0.891607495
0.933205804
1
0.956589753
0.922194345
0.844481927
0.258239034
0.897984784
0.964285277
0.881812258
0.937507769
0.918911613
0.634667721
0.869883233
0.608217303
0.441040786
0.183472842
0.294676594
0.477635993
0.231796645
0.512297883
0.666762496
0.926924443
0.738360704
0.592576507
0.436457407
0.059083204
0.525114315
0.781209947
0.504227582
0.650405196
0.601881863
0.205145197
0.500212354
0.079897444
0.04190389
-0.004013066
0.033037756
0.075363704
0.073507403
0.064122609
0.159411096
0.473163415
0.222995358
0.109190589
-0.001567145
-0.007276974
0.088923892
0.21828843
0.099443631
0.189534985
0.097618598
0.061659373
0.078535776
-0.04068484
-0.021418287
0.275358529
-0.037817195
-0.136094195
-0.037923562
0.003195509
0.061521813
0.003001986
-0.004245283
-0.029257242
0.078387487
-0.047017626
0.071398667
0.068385658
0.006117198
0.117851011
-0.01101964
0.036353667
-0.006744671
0.228682896
0.115112361
0.005182418
0.067907792
0.182303198
0.037582508
0.194036411
0.30205262
0.664910691
0.365213534
0.298970959
0.160996369
0.062981287
0.158889889
0.404945483
0.195951101
0.323656101
0.21557084
0.090016655
0.138158006
0.781412841
0.646595459
0.406008869
0.507051699
0.745035497
0.451468765
0.734055064
0.837986423
0.946447585
0.878774251
0.801345087
0.64349292
0.189687604
0.720117754
0.852474152
0.719321905
0.813297339
0.806983829
0.519995348
0.746286455
0.142269641
0.084787607
0.03677058
0.01928266
-0.004187338
-0.033170656
0.07564407
0.168416448
0.392215092
0.213937798
0.146509722
-0.007940174
0.004804057
0.056479197
0.235044363
0.128078159
0.163975959
0.122790569
0.051120092
0.037382468
0.388508553
0.215388862
0.010757281
0.072366897
0.254855069
0.071120183
0.330989508
0.447034086
0.786748238
0.527662227
0.39958822
0.202974806
0.013390028
0.357929836
0.535860291
0.296151923
0.421136815
0.372612987
0.236880691
0.313069113
0.58693209
0.413936614
0.119333963
0.275895368
0.485880325
0.187439991
0.530586866
0.68770415
0.935872726
0.759263118
0.635664874
0.444795764
0.110362811
0.524814093
0.786061946
0.513731946
0.650982637
0.615583047
0.29758139
0.552164082
-0.041854263
-0.024473829
-0.090942299
-0.00970603
0.126580048
0.005051925
0.005394636
0.028331944
0.119626307
0.028648753
0.03613735
-0.04289376
-0.068179613
0.006852251
0.039498447
0.027175289
0.010820199
-0.030802672
0.007780224
-0.056428415
-0.005817272
0.024395375
0.004861373
-0.002967744
-0.006310917
0.027224037
0.100559496
0.02282898
0.14688928
0.023843337
0.028118827
0.043078935
-0.06353233
0.042318766
0.112982938
0.009634487
-0.080757783
0.114291581
-0.054509043
-0.019173505
0.156904962
0.103605183
0.190865759
0.059919657
0.155493964
0.189141659
0.276192425
0.214670974
0.456555247
0.334222173
0.194909263
0.129809558
0.014163925
0.16049677
0.208761492
0.150308067
0.212855654
0.162708038
0.152614674
0.1111683
0.380980652
0.223493985
0.279881448
0.115838079
0.33671949
0.225615914
0.256239508
0.562125029
0.639611522
0.555469125
0.369689706
0.193164907
0.095820733
0.23705199
0.345970798
0.280808452
0.403346396
0.36085325
0.11787117
0.332655927
0.178357866
0.027293917
0.211228034
-0.104972139
0.006975505
-0.016664217
0.034497456
0.148967979
0.333206239
0.132321761
0.218357763
0.08560078
-0.017863406
0.101881618
0.098496235
0.092932159
0.100512541
0.122542335
0.019812539
0.07256956
0.203525144
0.089012896
-0.111895302
0.057473444
0.094859726
0.020486332
0.109642839
0.254228573
0.571374311
0.31002587
0.252613532
0.075847268
0.102636327
0.287182667
0.203039245
0.244814772
0.199886181
-0.072967716
0.119952175
0.171401759
0.068347328
0.021330693
0.036490647
0.140514329
0.007397822
0.087529216
0.176809502
0.385680971
0.224032959
0.142373392
0.048419525
-0.024610817
0.165632921
0.285145651
0.168716309
0.157345658
0.221631572
0.080284016
0.13402278
0.039714865
-0.069527336
-0.056439507
0.017160422
0.042049187
0.041103893
0.133347114
0.094531684
0.284418955
0.131528359
0.026970632
-0.024149936
0.031431749
0.127420269
0.021481573
-0.002621568
0.014605837
0.044721902
0.025425861
-0.018347572
0.068043548
-0.010258807
0.007392076
-0.080972897
0.132085094
0.00332098
0.074483244
0.094561351
0.223463729
0.176273845
0.107980846
0.209926968
-0.007664994
0.051657082
0.1285916
0.044243332
0.164501242
0.073897642
0.170164314
0.076361186
0.902025191
0.784172703
0.506538529
0.67666475
0.850525209
0.631183352
0.85122558
0.924382305
0.98900357
0.939338694
0.890900832
0.779102646
0.403451843
0.861692
0.943527091
0.844423563
0.897482527
0.898061807
0.691711309
0.87337871
0.338262118
0.108035184
0.07376376
0.094264859
0.267969444
0.308363584
0.316248746
0.381226895
0.653239928
0.468293547
0.344976498
0.149634256
0.053868053
0.2491903
0.341580676
0.255417407
0.345020547
0.37091617
0.117125338
0.267837538
0.92856326
0.852949523
0.644028706
0.782067947
0.90135425
0.72484279
0.89545436
0.94531841
0.987734084
0.959209582
0.926798595
0.8679926
0.373380961
0.895517169
0.957523365
0.898465923
0.943773554
0.922908737
0.786162093
0.899068419
0.655436693
0.465292011
0.20793519
0.390212118
0.600733598
0.341169432
0.598720118
0.758912081
0.920908442
0.806688021
0.687276514
0.490071014
0.063103928
0.597767518
0.805471559
0.593336181
0.712084254
0.705549791
0.451947859
0.623947694
0.150130937
0.011878084
-0.050644053
-0.037645964
0.202682147
0.081794958
0.145868206
0.212356105
0.439747749
0.264540579
0.151813783
0.139386775
0.031328895
0.144792018
0.215910139
0.06868341
0.222873651
0.103424537
0.118227773
0.166476141
-0.061177182
-0.056667623
0.199820466
0.021916434
0.218254314
0.001631627
0.026534936
0.022243202
0.049825906
-0.004524417
-0.012569554
0.048298067
-0.046621499
0.018796477
0.033737805
0.053465276
0.043727779
-0.018788539
-0.006956397
0.229447891
0.108463196
0.067960438
0.070120687
0.21011927
0.194599853
0.180678069
0.328229971
0.647185817
0.422831156
0.297006436
0.138543114
-0.048153506
0.146057034
0.358950759
0.202086475
0.302517302
0.313116235
0.122818716
0.187530171
0.595169995
0.481967761
0.355325673
0.438790327
0.541868331
0.288110731
0.526263998
0.689580967
0.844111788
0.746768793
0.595562655
0.431698258
0.105267421
0.473831736
0.648923587
0.533279172
0.657705159
0.64475425
0.322438722
0.517369149
0.08628776
0.041074574
0.071066831
0.066021089
0.050189152
-0.039894063
0.175404792
0.14219061
0.371581868
0.182214997
0.115159187
0.08327149
0.01725159
0.018146222
0.165301978
0.066921688
0.132274236
0.159415352
0.021221603
0.080387767
0.420892894
0.236581979
0.131344675
0.151987524
0.331756651
0.162125334
0.33305015
0.47952004
0.765765245
0.589187196
0.42026999
0.305845737
0.191654508
0.333315944
0.540908588
0.328876762
0.444805273
0.410632076
0.217780284
0.360423158
0.750523117
0.555488274
0.391552506
0.435687463
0.677649905
0.360716398
0.659788914
0.809170304
0.937425547
0.828773238
0.734725855
0.5506876
0.127538763
0.66539348
0.824828541
0.651564676
0.767179129
0.739593006
0.462530271
0.690295509
0.03756371
-0.105689301
-0.073006929
0.039605853
0.006633075
0.129897119
0.017981734
0.017390167
0.003952163
-0.030820516
0.022706844
-0.001477849
0.036674671
0.195937197
0.079708754
0.049228762
0.146315865
0.028357768
0.051370034
0.076083993
-0.021614795
0.062823726
0.034853893
0.020369587
0.001338298
0.020856077
0.175469272
0.098923333
0.066919309
0.055332344
-0.01949012
0.057467503
0.055208809
0.051658954
0.005329589
0.093247516
0.034972298
0.075018725
0.174876358
0.070329103
0.139638093
0.000827781
0.019666818
-0.014529992
0.102360693
0.176627245
0.481699595
0.263590388
0.12455021
0.0491986
0.033878273
0.069078352
0.256149092
0.090599425
0.218123435
0.121586698
0.041477845
0.121253296
0.500549552
0.301909094
0.166723004
0.222294278
0.38628468
0.174777326
0.413363623
0.5894375
0.883696255
0.659198207
0.509261896
0.34667732
0.066781593
0.434893463
0.66823353
0.427884812
0.574083411
0.526641944
0.171000787
0.423852409
0.041908785
0.061843469
0.024074315
0.023756341
0.004622924
-0.033531911
-0.003943257
0.067944676
0.292034307
0.070915493
0.003471663
-0.04000483
-0.017424094
0.114594181
0.1561812
0.03200608
0.05937
0.038548204
0.020769301
0.153691283
0.112745634
0.049665046
-0.035306579
0.289487167
0.065553388
-0.009174124
0.091655665
0.236294807
0.473953892
0.247284636
0.139247651
0.046172309
-0.051040195
0.070218787
0.247944216
0.130734166
0.134541809
0.158765583
0.056624374
0.105628102
0.137953291
0.130640433
0.025359
-0.052625124
0.101854672
0.008420662
0.111415062
0.144277834
0.408933477
0.136708524
0.169383829
-0.013908302
-0.026909157
0.035626996
0.259564478
0.119607574
0.235486821
0.259011622
0.049025101
0.152679838
0.011523077
0.070072349
-0.035058
-0.061776291
-0.017282157
0.002656819
0.034449033
0.093951792
0.190821309
0.128741747
0.055633139
0.00901714
-0.056492831
-0.02947249
0.132224169
0.043565725
0.046132139
0.014959516
0.020623815
-0.004872282
0.11287952
0.077091367
-0.04021245
-0.022489799
-0.006296304
0.024894662
0.042511544
0.012938576
0.366666963
0.144050908
0.043650716
0.072976106
-0.064619739
-0.010804321
0.232198855
0.031160999
0.057394732
0.12781937
-0.005255251
0.048730951
0.847371503
0.732960457
0.43786214
0.582558439
0.786055138
0.538189569
0.836066843
0.896555101
1.001951779
0.927218738
0.878749291
0.75848173
0.203411606
0.837993046
0.955728638
0.818555029
0.892449541
0.872634399
0.462739617
0.824109626
0.490140038
0.322529733
0.216213883
0.234239046
0.418734736
0.148063797
0.400277343
0.608996378
0.843052747
0.657578365
0.508602699
0.375644608
0.08498061
0.408435169
0.626574786
0.388093804
0.528866733
0.522458373
0.233395277
0.462028653
0.928006608
0.843907721
0.593428806
0.722070832
0.872225975
0.669896441
0.90552503
0.932253095
1.002152911
0.952778569
0.92369585
0.862416769
0.297055936
0.900740842
0.976636117
0.894324135
0.943279294
0.925153993
0.606571554
0.883778109
0.593018269
0.446696907
0.303060518
0.272088037
0.50240222
0.251169619
0.52655736
0.665864655
0.930762988
0.723145144
0.608875807
0.438914295
0.006028072
0.536602211
0.79513985
0.529135724
0.645165742
0.63151783
0.166543316
0.51784723
0.106009731
0.119996628
0.091062182
0.182617643
0.097987068
-0.033525626
0.069858471
0.121106848
0.409319536
0.209045067
0.166788813
0.013050752
-0.03968326
0.118670116
0.192320766
0.091739192
0.133260424
0.093383273
0.021279202
0.038485048
-0.029707929
-0.066684134
0.004137821
-0.141542402
0.083464849
-0.068771012
0.014851917
0.086551222
0.010564568
0.032605847
0.123729033
0.084276091
-0.004628536
0.013484473
0.04562339
0.056123877
0.043378926
-0.022872558
0.048472217
0.084951588
0.226623309
0.080142103
0.06481013
0.243613134
0.201263515
-0.038580532
0.203734154
0.354525768
0.640692081
0.337645085
0.30911079
0.107892712
-0.031269259
0.181665332
0.387793323
0.17996767
0.274508183
0.231270994
0.067901499
0.198184868
0.803553115
0.660924694
0.356648691
0.510154862
0.754130153
0.456325489
0.741635002
0.861847094
0.960688212
0.893140264
0.80986628
0.658683576
0.175930098
0.741555551
0.877136104
0.739736121
0.825182595
0.819959928
0.557386908
0.761267931
0.112693111
0.0159788
-0.048438637
0.084281843
0.065395938
-0.051108454
0.110243211
0.114168302
0.377580617
0.13827128
0.10085903
0.035723557
0.081920914
0.093330512
0.176247157
0.07456984
0.124545599
0.147252516
0.082423608
0.063608679
0.40544828
0.287770359
0.069499678
0.167521443
0.306287267
0.11078638
0.331412857
0.490927015
0.828056536
0.569433616
0.422306647
0.355402352
0.05880939
0.357636845
0.585640639
0.331837222
0.457139766
0.418757573
0.125438116
0.353754757
0.657553344
0.487356785
0.198629415
0.328924678
0.549980053
0.273124492
0.588124481
0.744371268
0.942383789
0.789345158
0.685986322
0.478510749
0.043841179
0.584320508
0.831801116
0.572988761
0.713933013
0.678171478
0.278409897
0.590228505
-0.013666574
-0.068841127
0.076745821
-0.036465036
0.112082789
0.032004398
-0.042926732
0.064795457
0.168043877
0.058125967
0.040385659
0.037987454
0.11160463
0.031211713
0.049214516
0.008860608
0.070556667
0.056273733
-0.034781069
-0.010561165
0.0560514
0.093664737
0.041913614
-0.01219991
-0.015816088
0.030443213
-0.003318175
0.03901213
0.17759444
0.045470309
0.009546258
0.013985925
0.068439617
0.104008879
0.123768897
0.006170209
0.02229454
0.04880261
0.048381598
0.038192888
0.123347643
0.096838739
-0.039356004
-0.011590755
0.061542271
0.060470107
0.072002116
0.204087446
0.438944202
0.175942315
0.185582245
0.014424703
-0.031036883
0.073493819
0.203191266
0.04198341
0.097010415
0.200829942
-0.029967294
0.039215508
0.440927827
0.273200618
0.098909106
0.215547329
0.351257948
0.215333703
0.386155096
0.56535293
0.827158713
0.589936889
0.473966601
0.280828626
0.1032042
0.370818216
0.570721485
0.367524058
0.529647982
0.464902939
0.142459826
0.349800228
-0.002993035
-0.075776865
-0.032090387
0.004580915
-0.021471598
0.013545439
0.137362127
0.100176431
0.285906953
0.04322632
-0.027245119
0.006740064
0.023734684
-0.017762697
0.107018184
0.045274034
0.088969687
0.076894465
-0.056238116
0.031274733
0.11549884
0.090329355
-0.031177869
0.014208488
0.091645373
0.020572004
0.18168773
0.212943543
0.417737953
0.187618138
0.147146856
0.096244522
-0.100411274
0.064838137
0.245725266
0.106895202
0.127006566
0.111152822
-0.038836338
-0.031535256
0.043861539
0.000228024
0.030434863
-0.081438128
0.006675048
-0.038746801
0.017873738
0.142948407
0.305181163
0.083534572
0.08001236
0.12228332
-0.020782198
0.212041386
0.164367611
0.189805647
0.102955906
0.15820153
0.054719652
0.085030478
0.004019543
-0.05736139
0.140918139
0.06783269
-0.002351755
0.159880091
-0.038686029
0.083272997
0.18262389
0.08867555
-0.02011805
-0.003104865
-0.017925753
0.045423247
0.079669237
-0.047036609
0.017001174
0.12775053
0.006293951
0.00958092
0.030185652
-0.06374999
-0.000656936
0.061382921
-0.035954501
0.044361511
0.202714829
0.28094753
0.137983346
0.083055241
-0.108612071
-0.064643555
-0.030930681
0.195141136
0.054760755
0.316300512
0.213116933
0.104334395
-0.003729304
0.835549035
0.687421516
0.411629074
0.530050776
0.765797398
0.491106102
0.798589413
0.88384649
0.976998849
0.894548287
0.849463887
0.710034282
0.216211963
0.804949221
0.920493894
0.781190192
0.868103938
0.841551427
0.465559951
0.783951916
0.363987146
0.18829879
0.017542444
0.041261308
0.340167446
0.138513894
0.343013208
0.47477494
0.740018143
0.554483006
0.382277959
0.27160984
0.133520366
0.291167808
0.482359928
0.295496225
0.435145927
0.384820407
0.171294738
0.341811125
0.896578271
0.780446577
0.493325167
0.657186023
0.841095055
0.594613925
0.862286383
0.920638377
0.992774001
0.944752422
0.89119239
0.811279948
0.301296854
0.873093068
0.957529249
0.855459271
0.919477098
0.892455614
0.587046463
0.856263821
0.566027206
0.378369725
0.170289631
0.261353671
0.445304744
0.205730398
0.482457411
0.622198612
0.912921542
0.679019897
0.592450161
0.38560894
0.044874867
0.500757474
0.746714846
0.496687992
0.611236677
0.565474443
0.190284015
0.473119712
0.174314882
0.089007147
0.014369973
-0.066213825
0.02087534
0.085385962
0.046990107
0.160917393
0.400829258
0.186243448
0.099764123
0.144104523
0.024511976
0.070741028
0.171227266
0.111980067
0.095492854
0.067040593
-0.01995706
0.099188688
0.09698361
-0.040254268
0.033525894
-0.024498036
-0.013227573
-0.093125035
-0.004583759
-0.010650167
-0.004869642
0.020276455
-0.001792446
-0.010964323
0.051335532
0.015075967
0.000973612
-0.021002677
-0.014506464
-0.040505404
-0.056239375
0.088709471
0.255979494
0.034538436
-0.079536489
0.110350102
0.254682933
0.093968556
0.094806364
0.285109775
0.554339359
0.32395415
0.162721228
0.189021519
0.076030177
0.172709181
0.3839229
0.113358151
0.18034927
0.232045392
0.028546567
0.095224337
0.695762461
0.545300537
0.214221396
0.369306493
0.636590343
0.341633089
0.639389249
0.771777956
0.914003832
0.826857065
0.708571468
0.528739615
0.096584872
0.597409751
0.777168318
0.605055297
0.742347602
0.722391618
0.413407114
0.637011498
0.084193528
-0.006638452
-0.098258219
0.015837298
0.040436672
-0.064618643
-0.01011923
0.120951484
0.313934356
0.145960046
0.155528387
0.036165761
0.06383115
0.038542107
0.189077791
0.093496342
0.130474166
0.15525762
0.046705131
0.062713603
0.33522153
0.197525628
0.096863601
0.067776125
0.252300334
0.072121123
0.21577613
0.411684706
0.71845835
0.446877432
0.33507325
0.271715477
0.05381548
0.299038366
0.488405015
0.266770527
0.358498603
0.305034893
0.088774546
0.341694795
0.636660107
0.456208228
0.169356346
0.290409265
0.497495396
0.272241841
0.541199372
0.729737407
0.919163636
0.759565405
0.641967957
0.44028333
0.038842466
0.561299041
0.78410513
0.553605876
0.66826245
0.638316875
0.276082558
0.568637984
-0.04234121
-0.087574274
0.222723002
-0.038889942
0.019946879
0.174552793
-0.048129265
0.027052997
0.112876291
-0.032363792
-0.081433454
0.001177231
-0.037350394
0.04313228
0.076492884
0.033474347
-0.005959911
-0.023498409
-0.039634062
0.080447253
0.025795139
0.027840306
-0.085446103
-0.134487754
-0.013943816
-0.158422577
-0.03934349
0.007609297
0.168407276
0.044656909
0.035838293
0.02129048
0.12447748
0.038127361
0.080348746
0.040129403
0.033906663
0.033105113
0.230937833
0.110658014
0.155562554
0.153409887
-0.032390254
0.0828172
0.011803604
0.107465768
0.268396968
0.516799299
0.298084856
0.133083794
0.117626671
-0.018151342
0.006470115
0.252969973
0.113660238
0.186855718
0.133737619
0.027313913
0.195226813
0.450173803
0.286846851
0.182625877
0.133600894
0.39546677
0.155183763
0.413862429
0.591592226
0.820033968
0.662190137
0.513282408
0.33268612
0.019583275
0.383987535
0.53368093
0.368811045
0.526004732
0.491847768
0.214113737
0.398210022
0.029088382
-0.016823231
0.23174061
0.037878314
-0.028337193
-0.093552964
0.111174214
0.302759445
0.124748397
0.121303388
-0.061396311
-0.06256592
0.032327106
0.115134314
-0.013059271
0.037791839
0.032540986
-0.018730354
0.043923096
0.055431768
-0.009109964
0.082148368
0.096259875
0.163848852
-0.055779658
0.068276159
0.146641209
0.407715439
0.172428917
0.146642676
-0.045466876
-0.041377192
0.029372964
0.269849433
0.053818606
0.117706895
0.024373606
0.192259687
0.081059672
0.077259469
0.164867165
0.002290215
0.025621029
0.128767983
-0.007670574
0.111078817
0.232023668
0.414031521
0.187796097
0.035790718
0.19961994
-0.08058813
0.05968042
0.211469885
0.152917683
0.115758414
0.096546931
0.048968527
0.106967499
0.007054856
-0.002882674
-0.008765629
0.010658335
0.018981712
0.032729727
0.081722729
0.040575707
0.163399101
0.032161661
0.080892529
-0.003369961
0.005677471
0.011227204
0.123797947
0.117536346
0.005475925
0.064482181
0.036328907
0.015912262
0.066657684
0.024166863
0.133926527
0.002616548
0.082228245
-0.035488765
0.008657218
0.096410061
0.268428522
0.107038207
0.009717377
-0.000157391
-0.064707462
-0.037534103
0.172712098
0.015227126
0.180267954
0.007906604
-0.04947176
0.024320343
0.919709138
0.847635588
0.530863068
0.735232216
0.889966042
0.635505633
0.914868192
0.94051888
1.006980652
0.963737783
0.922512362
0.84854172
0.280094719
0.908666778
0.967094344
0.880580057
0.941289053
0.929713749
0.689939949
0.894370685
0.474016993
0.298765768
0.043272314
0.289689528
0.440496892
0.256768514
0.381506945
0.545217067
0.814923239
0.638868784
0.520011973
0.305967459
0.118545288
0.376375875
0.588782171
0.35865724
0.508556471
0.477420382
0.200885372
0.413373633
0.944675333
0.878844582
0.653313688
0.799090778
0.923370131
0.712329524
0.919880719
0.966738212
1.002270597
0.976624927
0.9541902
0.884158726
0.282943455
0.922314109
0.973754291
0.915917845
0.954230391
0.944545324
0.752789073
0.918272559
0.717831018
0.519826868
0.239941527
0.396744074
0.625607026
0.336698328
0.657683535
0.803958849
0.962588189
0.841383381
0.74797202
0.562422422
0.044518893
0.654231077
0.854093367
0.624596702
0.760089603
0.746711832
0.364918281
0.6502109
0.146257511
0.116041453
0.231552434
-0.031401134
0.09752312
0.025327105
0.069999968
0.202974065
0.466162059
0.255932706
0.125278916
0.004866263
-0.029998458
0.037263672
0.250880761
0.085099706
0.227852589
0.187896415
0.263486052
0.074947432
0.022633282
-0.046813571
0.099248694
0.056686787
-0.005769765
-0.047525553
0.022056735
0.003473609
-0.005867685
-0.002436823
0.019651942
-0.015770576
0.039906472
-0.026813451
-0.045054219
0.030058096
-0.007792151
0.109819253
0.32495212
0.042249525
0.305544619
0.250210046
0.015405384
-0.103310688
0.178441997
0.034209447
0.236991578
0.329697628
0.626118854
0.363832607
0.241459718
0.123068756
0.116259713
0.256636276
0.370090031
0.183539079
0.288489071
0.227324216
0.194208815
0.306562945
0.794404332
0.649610302
0.356452845
0.541772023
0.740741789
0.460744815
0.74442011
0.861754679
0.962403694
0.885232833
0.801025415
0.63710241
0.173755109
0.742030671
0.855544099
0.728533603
0.82648649
0.812398656
0.507563553
0.746860959
0.069837581
0.018471164
0.027535326
0.060274218
0.037452598
0.211900861
0.064274799
0.100098641
0.375733586
0.155480081
0.117833154
0.058482811
0.001321984
0.10563613
0.274551112
0.049618064
0.091560915
0.082415464
0.003595536
0.044963729
0.420586997
0.237669124
0.058101019
0.159687888
0.346429176
0.173898078
0.307284241
0.524223112
0.831588001
0.599220554
0.46010707
0.266232628
0.045928017
0.372116933
0.578296661
0.354763165
0.486832883
0.429491699
0.125181054
0.375524587
0.795560604
0.603038274
0.337465829
0.442612601
0.697200415
0.353979871
0.725285647
0.843092804
0.968680777
0.883646325
0.797351891
0.612586021
0.086260173
0.716380908
0.883706778
0.696456056
0.822716509
0.793319857
0.436951363
0.729500866
-0.005404968
-0.06861059
0.047415416
-0.013664246
0.015945784
-0.038111844
0.053606733
0.005940725
0.113930623
0.011160193
0.069757201
-0.081385802
0.079779139
-0.015973552
0.090385502
0.007034473
0.062787807
-0.00576326
-0.033293073
0.061269812
0.077480882
0.049625757
-0.020565499
-0.160715451
-0.008766008
-0.08746711
0.003708494
0.060756487
0.1111637
0.080175884
0.039107295
0.089419217
-0.065937799
-0.002163832
0.064252148
0.006946428
0.026943384
-0.016764947
-0.104806163
0.059875004
0.007426092
-0.054070015
0.084910349
-0.008752615
-0.014030592
0.251707343
-0.02592167
0.009426296
0.082052369
-0.087401705
-0.021943369
0.009333683
-0.059359091
-0.000951991
-0.00425331
-0.00995653
-0.032419515
-0.076834706
0.076268434
-0.025480258
-0.003079735
0.228439112
-0.058388569
0.107069216
0.083255084
0.031230924
-0.036486446
-0.075179168
0.02684398
-0.012377861
-0.039283723
-0.082879106
0.026741821
0.104115351
-0.09264133
-0.091113281
-0.00044108
-0.044873657
0.228188689
-0.00834995
-0.009794455
0.036238743
0.0571872
-0.015181153
0.047816121
-0.025510461
-0.014647865
0.054932713
-0.13529913
0.056586997
-0.001768805
-0.070220718
0.049905637
0.015096967
0.03201423
0.063397175
-0.049232102
0.059630067
0.004084534
-0.007148143
0.031163927
-0.066208402
-0.01019268
-0.093510807
-0.005623235
0.049898451
0.038660048
0.04477829
-0.090659005
-0.076047579
-0.173812044
-0.011181493
0.084188819
0.008872004
0.033181086
0.015617072
0.044712437
0.109892518
0.020381296
-0.006128224
-0.109240755
0.080344328
-0.042719392
-0.021894788
-0.026108802
-0.130670981
0.050901393
0.000912322
0.057450198
-0.076922979
-0.051441328
-0.074386201
0.019048162
-0.017030116
0.297151855
0.025247988
-0.04973785
-0.014382462
-0.011069789
-0.008055681
0.00233007
0.171709904
-0.048620352
-0.076850484
0.024785325
-0.117824089
0.04104302
0.195922291
0.07406668
0.001530038
0.015026233
-0.076549023
-0.017790887
0.165457614
0.058574148
-0.07448186
-0.10381187
-0.056577771
-0.177341624
0.157135778
-0.013473247
-0.030192991
-0.00140488
0.030869332
-0.04819376
-0.01521793
0.017065508
0.093426171
-0.005390729
-0.097143577
-0.052130869
0.064951739
0.093408116
-0.092809073
0.046957238
0.073995361
0.029132625
-0.022130954
0.001122349
0.018236926
-0.06164185
0.028328733
0.118914572
0.202260809
-0.060950559
0.092769655
0.102603502
0.018324037
-0.032387121
0.044276686
0.086999144
-0.118056517
0.024445085
-0.039596775
0.008756217
-0.019161145
-0.023751876
-0.044948558
-0.003940682
-0.00821745
-0.003339395
-0.012374323
-0.03556441
-0.016391971
-0.013991842
0.01757901
-0.020277725
-0.050416644
0.05375004
-0.014963617
0.035589731
0.014819874
0.03711499
0.00898875
0.042846575
0.21344296
0.08614875
0.047764353
-0.015650398
0.029515679
-0.083855337
0.01593136
-0.044345222
0.012918205
-0.013510239
-0.029180707
-0.054740732
-0.001815989
-0.027525401
0.058737541
0.073784552
-0.00564359
-0.052031071
-0.037713101
-0.015145558
0.013667823
-0.155255287
-0.132252439
0.030418788
-0.037505109
-0.020786008
0.072436338
0.181079668
-0.054931831
-0.028352577
-0.008735764
-0.069369239
0.027092885
0.030258925
0.00676425
0.097493815
-0.006115576
-0.017759039
-0.211051963
0.002669687
0.010173635
-0.073697975
0.129845344
-0.030803433
-0.072078187
-0.164239306
0.020845206
0.053061391
0.158329374
-0.016664217
-0.024620653
-0.06845573
0.002259758
-0.037477771
-0.041603284
0.039801352
0.096061015
0.022619726
-0.026474993
0.031629074
-0.004993503
-0.040051565
0.023262872
0.152094601
-0.067853233
0.039028822
-0.035397104
0.106817015
-0.008251264
-0.11715569
0.005867031
-0.033365526
0.186167515
0.058377849
0.064325453
0.071964455
-0.043330558
0.005876651
0.164694358
0.015303428
0.068842638
-0.083743737
0.069309644
0.015858164
-0.030827829
-0.03478192
0.032173391
-0.033924335
0.058628575
-0.020719197
-0.132052345
0.098588977
0.010969353
-0.014416319
0.12399453
-0.055849397
0.056968392
0.043914589
0.060298725
-0.100179523
0.150512874
-0.049251372
-0.014741654
0.014392346
-0.001668126
0.04800891
-0.032123539
0.137759935
-0.023120128
0.127762262
-0.014684492
-0.082907737
-0.035922674
0.014653633
0.118839833
0.012471683
0.048152068
-0.038148012
0.059408534
-0.063005737
-0.129105742
-0.007719569
0.033306156
0.006936821
0.019396327
-0.013389909
0.028079896
0.034795065
-0.009660642
0.003327721
-0.03715642
-0.024029343
-9.26e-05
-0.085762316
-0.03845621
0.103631121
0.004162019
-0.005487515
-0.053525414
-0.043390232
-0.004168796
0.162809437
-0.01676415
0.002220473
-0.019868224
0.002924472
0.052914996
0.032647488
0.020121568
-0.046969051
0.059285137
0.203602761
-0.143647412
0.063739154
-0.078733289
-0.136029779
0.091479692
0.277581711
0.025957087
0.020361049
-0.115246584
0.033410829
0.018379382
-0.076595617
-0.012451993
0.029532757
-0.058553943
-0.045390542
0.013963486
0.037168122
-0.078962312
-0.052013181
0.166386427
0.06529888
-0.009702863
0.092598606
0.132136718
0.293442055
-0.009235166
0.111127037
0.050589239
0.119602847
0.039691171
0.053538358
0.234406771
0.506927857
0.266600983
0.194729063
0.04299791
-0.016272249
0.252796649
0.234370075
0.129878362
0.363692933
0.181751116
0.037625661
0.090370205
0.554929822
0.365158402
0.096307535
0.255218794
0.453234284
0.045411271
0.471638217
0.653468077
0.866048583
0.709929218
0.566507755
0.356711561
0.030991359
0.44858888
0.659157752
0.440405579
0.601969336
0.576276867
0.410896988
0.451162039
0.126267682
0.020645945
-0.089962307
-0.015433522
0.151144053
-0.046280723
-0.107880598
0.044227377
0.344173283
0.186457029
0.073355982
0.002160843
0.089155753
0.187461658
0.214044396
0.125912197
0.035931693
0.031758485
-0.07447946
0.010356959
0.1557691
0.096880224
0.014286427
-0.043733289
0.106865968
0.044596718
0.040980889
0.264233682
0.549294295
0.304238262
0.217830896
0.0828549
0.152794715
0.305067109
0.09926228
0.217927934
0.191804322
0.072950147
0.159148463
0.100247861
0.345483749
-0.000940497
-0.074966051
0.213704284
0.002374177
0.14036833
0.202813642
0.455059333
0.18518974
0.144650895
0.053877866
0.082060431
0.255626598
0.119535787
0.101123118
0.0512004
0.009193385
0.062661864
0.124619319
0.031864593
-0.082721402
-0.051407412
-0.041224726
-0.012072689
0.034445398
0.171254412
0.039769701
0.106239847
0.245473638
0.017240075
0.162141596
-0.002606301
0.04204849
0.228959399
0.046070107
-0.08289867
0.091726182
0.09465463
0.005035408
-0.004461693
-0.068961305
0.140717538
0.070141292
0.284596276
0.330781015
0.135013913
0.128073165
0.011283917
0.047803053
0.109135808
0.088975006
0.167989613
0.026383179
0.089276739
-0.001416358
-0.050880311
0.936430612
0.843547184
0.572654195
0.708789598
0.882640109
0.655486545
0.893994326
0.943331091
1.014834012
0.962882732
0.9331419
0.846411907
0.259006309
0.909231523
0.978310451
0.889482038
0.938415321
0.929355933
0.704096645
0.898054266
0.439737951
0.269061528
0.059034524
0.196862505
0.396753841
0.185155366
0.351659693
0.530772563
0.80167783
0.620253466
0.452135605
0.325860093
0.019580135
0.395798998
0.566110129
0.394933745
0.494226323
0.45757378
0.20687874
0.396069194
0.963382035
0.888435319
0.682382296
0.822097596
0.926507745
0.767477889
0.931215899
0.961641975
1.017841516
0.98026332
0.962392645
0.888826642
0.352233945
0.93671699
0.980040873
0.922911915
0.966661043
0.959278551
0.781627653
0.938249519
0.707067018
0.522567754
0.326321747
0.374337225
0.613165325
0.23870433
0.638333096
0.784018025
0.967381358
0.828105224
0.721478053
0.536790107
0.187794609
0.641051748
0.86294814
0.607999741
0.764309956
0.709457446
0.3390368
0.630532711
0.114027423
0.070261549
-0.041127126
0.082839045
0.060318048
0.046589181
0.197925594
0.491107345
0.286952595
0.192506298
0.071151617
0.111345507
0.050609214
0.284629174
0.188259754
0.146787864
0.146871948
0.082636404
-0.086569266
-0.054310937
0.056671931
0.120853497
-0.001239696
-0.048126433
-0.173853906
-0.116388551
0.038575649
-0.059022329
0.162943038
0.06404232
-0.073016275
0.015811899
-0.05767208
-0.082944573
-0.027474069
0.199247675
0.129706088
0.112347127
-0.040336573
0.18378072
0.183145305
0.331954714
0.68511562
0.407802153
0.296835412
0.12472326
0.183614989
0.412376525
0.182308073
0.29725988
0.289537975
0.208072022
0.209606182
0.756372831
0.571298449
0.333467715
0.502286631
0.696762213
0.378646222
0.691316164
0.825981708
0.931112842
0.859116178
0.775468531
0.62834751
0.098568552
0.667277843
0.80670071
0.680139405
0.783262833
0.788579922
0.490877531
0.708918684
0.084267801
-0.008506273
0.046052246
0.088831702
0.077081514
-0.02122539
0.041700026
0.184062997
0.389580503
0.159144944
0.126050096
0.07253075
-0.000121639
0.022286716
0.199896317
0.090611633
0.122607085
0.087622482
0.0716903
0.042408622
0.439669359
0.27667412
-0.05481156
0.116559302
0.328618895
0.195125473
0.346941534
0.522061413
0.829118087
0.57603123
0.465586606
0.254584123
-0.04691284
0.335328122
0.569902095
0.33386624
0.464728307
0.457683226
0.282495087
0.341640598
0.771843108
0.626685092
0.285677951
0.451043141
0.696974438
0.33944987
0.703449026
0.85448285
0.971454489
0.874576839
0.785517627
0.619903388
0.105184143
0.703155783
0.886517296
0.693420066
0.815846374
0.791009929
0.440341355
0.741567081
-0.004945411
-0.001750731
-0.043732077
-0.047084386
0.011550081
-0.014399464
0.097229734
-0.002556315
0.096258033
0.015191201
0.066307783
-0.053746067
0.085809111
-0.035811919
0.101119041
-0.019809291
0.029888366
-0.003939893
-0.033001851
0.059651734
0.021878179
0.075231209
-0.017344892
-0.032191416
-0.028985744
0.036863516
0.057094462
0.216524239
0.068611683
-0.007352596
-0.087486818
0.148522643
0.078545039
-0.036388399
0.081456906
0.06177106
-0.096268965
-0.053057833
0.168173802
0.058993545
0.031129096
0.061234219
0.148884568
0.08005573
0.058077679
0.214149571
0.49374158
0.258775312
0.174490578
0.107946441
0.043357511
0.271838691
0.210836424
0.148166099
0.202773628
0.163680096
0.085702221
0.212046489
0.208314065
0.337880816
0.09707002
0.075060343
0.322284592
0.104251543
0.274755886
0.353514482
0.539498501
0.447662246
0.271782884
0.157449541
0.042338892
0.166361333
0.291648912
0.22804694
0.346916174
0.281052821
0.19693007
0.220845927
0.052635307
0.124661957
-0.05868151
0.03975153
0.06728087
0.003130082
0.069767071
0.15647812
0.317174959
0.207751904
0.094381978
-0.033831166
-0.020469001
0.032775922
0.166035011
0.072758163
0.136093281
0.087497791
0.125363429
0.055091025
0.13998867
0.036845208
-0.016216259
0.03205562
0.12345535
-0.038438735
0.156942763
0.257940344
0.559372549
0.293492174
0.437971797
0.1769563
0.00451714
0.136725331
0.309043528
0.112177216
0.201249269
0.190744103
-0.049058655
0.099990028
0.143308137
0.078354289
-0.015552856
0.140402935
0.096392471
0.100483441
0.121177427
0.179830816
0.381627407
0.190040122
0.168856028
0.11680673
0.023000165
0.013640967
0.216646498
0.123299465
0.172437192
0.147195665
0.090743017
0.237634301
-0.019311311
0.061237466
0.038166527
0.008807574
0.043738535
-0.040249804
0.0847683
0.053918411
0.2527655
0.056556361
0.053415282
0.042301528
0.012418342
-0.116452583
0.154210366
0.035850499
0.204593738
0.023413412
0.004195922
0.061607199
0.049510043
0.064709501
-0.047289954
0.008247348
0.059642618
0.005942031
0.071816941
0.038845544
0.199528419
0.208122389
0.031169514
0.07873613
0.010714771
0.04155694
0.134758682
0.033852771
0.061606944
0.089747532
0.035861011
0.134918042
0.873268585
0.772637461
0.554919669
0.670662009
0.851414618
0.616245194
0.84919952
0.904659324
0.979736086
0.924270995
0.876912203
0.782272395
0.308900294
0.841753492
0.92433071
0.840054012
0.900085862
0.87445681
0.692668919
0.860217157
0.305320759
0.192461165
0.118951917
0.110348151
0.29234789
0.127859314
0.2927857
0.388996844
0.592019981
0.436360966
0.28170962
0.22140098
0.100900692
0.278352484
0.302230933
0.22759455
0.446768094
0.349177205
0.089405719
0.245789982
0.904889898
0.8322926
0.644461172
0.77065997
0.881311337
0.712714152
0.885799884
0.937214415
0.976835982
0.951550066
0.913079807
0.841680378
0.355304747
0.887100381
0.944788422
0.88066236
0.920912033
0.918448552
0.764826594
0.884630008
0.660738846
0.496006132
0.322345971
0.384828063
0.583060883
0.327243325
0.60500279
0.724326414
0.886151844
0.785397904
0.669668955
0.486289424
0.132049183
0.630031021
0.767758209
0.576532789
0.695673544
0.677862869
0.412203419
0.628086454
0.167260969
0.09326417
-0.004922134
0.144445433
0.18919301
0.153258786
0.045117252
0.141006254
0.398112202
0.273536466
0.192914459
0.135988043
0.071041225
0.298392142
0.190046258
0.162672259
0.173032507
0.154284865
0.018684396
0.153436231
0.021748297
0.017712843
-0.027374035
0.052716755
0.027754115
0.141283163
0.070691327
0.053048975
0.029477123
0.050326513
-0.057203093
0.008351469
-0.041608707
-0.005879674
0.005367896
0.001671076
0.002378886
0.030471947
-0.046347689
0.011160314
0.262068217
0.165841589
0.04139937
0.121309127
0.221821332
0.209302918
0.207066947
0.366121559
0.623787645
0.43012794
0.289706063
0.169985059
0.216130642
0.172459001
0.374339944
0.182670239
0.26883923
0.273303912
0.193105722
0.269483986
0.547168546
0.390507693
0.318792885
0.422168812
0.525381096
0.395139032
0.500762211
0.659567834
0.8057568
0.714327759
0.548026846
0.394821833
0.114281736
0.452196665
0.604090832
0.473244205
0.630955605
0.616832189
0.316896829
0.501386308
0.090156284
0.108583246
0.095826216
0.007072181
0.12800053
0.014876336
0.097239488
0.177062063
0.285917805
0.180568407
0.173257237
0.106330661
0.067603651
0.138852745
0.11471127
0.058769015
0.112823686
0.168416631
0.056506929
0.107152748
0.401784449
0.24740855
0.094670355
0.174850464
0.3547798
0.10342765
0.340203987
0.46238364
0.747876975
0.553738009
0.399410705
0.256544352
0.015543581
0.321594145
0.47762479
0.320865905
0.452744854
0.447325242
0.177555119
0.381585014
0.72213292
0.563754068
0.306211511
0.471745267
0.657180282
0.387658802
0.652434951
0.78787983
0.92258447
0.818991403
0.734550472
0.573927854
0.178593558
0.650470255
0.800426229
0.639849898
0.756366073
0.735309484
0.482736408
0.678489729
0.046308587
-0.027737295
0.026437164
-0.013547773
0.054244806
0.045411375
0.023422717
0.18769396
0.135179722
0.063654828
0.025715029
0.013667327
0.062407349
-0.004348474
0.036776637
-0.002305339
0.175245998
0.178985848
0.00582701
0.01567166
0.190708307
0.089637043
-0.055572054
0.221139782
0.015482945
0.119213744
0.123417627
0.148014754
0.149423095
0.104566011
0.074265151
0.102433545
0.007360146
0.072104872
0.084505025
0.097310859
0.073284831
0.03239392
0.122068242
0.12759821
0.078585349
0.042845454
0.055501819
-0.0306938
0.048279085
0.031441209
0.046278549
0.223781574
0.349820855
0.205542915
0.090657007
-0.000101657
0.034823246
0.024919353
0.258605184
0.041393385
0.134436124
0.125826861
-0.004171825
0.037247402
0.317277062
0.226972731
0.024991851
0.100276984
0.24354193
0.086241775
0.409930961
0.392126703
0.678605667
0.492439925
0.338953597
0.129657767
0.051851188
0.222106615
0.408380413
0.264162092
0.377687992
0.329608431
0.147607446
0.293644728
-0.065062178
0.140441117
-0.039378209
-0.017691108
-0.029003578
-0.038511158
0.009047132
0.016129415
0.233298564
0.041503017
0.048329098
0.022642041
0.029990868
-0.042568397
0.035983487
0.040052772
0.049595037
0.062409841
-0.078705343
-0.014079758
0.04263782
0.057642032
0.047564939
0.055897849
0.087316768
0.041798837
0.038179309
0.093062669
0.324603607
0.194007652
0.26245389
0.029567164
-0.065439468
-0.018748658
0.130170542
0.090220955
0.089790363
0.038807067
-0.078533619
0.126590781
0.067592159
-0.047851583
-0.081745658
8.96e-05
0.024462447
0.03655083
0.105937787
0.079877525
0.260031789
0.154633336
0.101438901
0.02922038
-0.021737174
0.059184029
0.211352925
0.10396406
0.064960073
0.180739866
-0.01834734
0.022766505
0.033120768
0.014329582
0.014776912
-0.049262652
0.071066054
-0.065973025
0.027011875
0.040398615
0.133996014
0.029769678
-0.001697289
0.052635672
-0.041845673
0.061498822
0.01863932
0.009433729
0.056912153
0.080246944
0.005853816
0.092801236
0.011531894
-0.024615955
-0.019893418
0.02753163
0.04679904
-0.038611723
0.109967881
0.063620686
0.208229202
0.08727699
0.060951734
0.00787888
-0.031181908
0.072965095
0.134492938
0.037520781
0.029961649
0.013632975
0.114489633
0.009585531
0.829419113
0.694537929
0.377493365
0.541436807
0.774188869
0.460486218
0.795025847
0.878485793
0.988561502
0.910329399
0.849629285
0.700023764
0.129961121
0.782659243
0.917787511
0.771189738
0.87152874
0.837387933
0.495345914
0.776868121
0.239525859
0.167852867
0.025248848
0.072877525
0.173790295
0.022009133
0.186957795
0.340388055
0.588545439
0.416909171
0.257885524
0.151870509
0.016260751
0.217811804
0.328441318
0.223268726
0.29877221
0.310931438
0.063303689
0.24487567
0.880592668
0.774455605
0.464302076
0.646794803
0.832658657
0.553797223
0.855636095
0.920226747
0.987023722
0.942836777
0.898306599
0.782888471
0.198535386
0.851984765
0.945274757
0.836381463
0.916197967
0.898371518
0.596307135
0.848225565
0.528649597
0.375259433
0.158410223
0.33486302
0.445616563
0.215843399
0.447684557
0.630441468
0.884558991
0.688696333
0.566252493
0.382062322
0.09175331
0.449604518
0.701608619
0.446213714
0.594988016
0.560964023
0.196528444
0.453643509
0.172626268
0.007007204
0.029183913
0.03921218
0.034417005
0.138974099
0.0707131
0.068380602
0.277633703
0.123070552
0.094734823
0.016288556
-0.020555084
0.03554288
0.146615529
0.041580114
0.114304813
0.040863971
0.054864419
0.06904848
0.026260533
0.221254724
0.002461638
-0.0016813
0.022860433
-0.017707506
0.059840471
0.017911931
0.00300501
0.033611743
0.116939297
-0.023240862
-0.005237603
-0.008385755
0.041828699
-0.005165074
-0.010564511
0.039575082
0.064077189
0.021083824
0.191921065
0.081988251
0.032073973
-0.060698595
0.062546235
0.071073733
0.046680444
0.19055886
0.484594146
0.275738927
0.113142433
0.016287288
-0.023401555
0.116294273
0.224091071
0.169343087
0.176810098
0.206464612
-0.013888742
0.168844769
0.587160983
0.439078375
0.205379172
0.332940062
0.532721019
0.284378208
0.535794654
0.682175653
0.859586425
0.75149993
0.611922316
0.433526698
0.136583222
0.490656136
0.644115815
0.521394667
0.665150805
0.635542883
0.302109851
0.535587043
0.052999606
-0.003774546
0.02160791
-0.050245293
0.046937478
-0.005902362
-0.01272957
0.048722033
0.220149782
0.10032309
0.151912796
-0.002440004
0.032072205
0.027721908
0.0722174
0.056745993
0.040910578
0.051927605
-0.004769077
0.073018521
0.257928868
0.14210535
0.096969647
0.058140683
0.243177082
0.056676973
0.217225536
0.351692062
0.672750116
0.416202826
0.283354845
0.172301312
0.047641073
0.21262939
0.384272267
0.208406466
0.316604656
0.307462318
0.034977193
0.202208498
0.631024154
0.459355857
0.245913168
0.316462823
0.528975349
0.255976889
0.533807842
0.723391383
0.919277746
0.769874571
0.654203711
0.424139931
0.040926747
0.534007613
0.757055744
0.523310236
0.670299544
0.629370007
0.341085415
0.553274715
-0.040345954
0.075066089
0.016445902
0.04264496
0.009893665
-0.032978182
0.059761313
-0.066518196
0.126699667
0.084250317
-0.059287758
0.073372734
0.005766106
0.006318638
0.030096569
-0.028895824
0.023047519
-0.012004826
0.005923121
0.021118929
-0.004004525
-0.046938247
-0.110891199
-0.02554026
0.081398215
0.159215449
0.133565192
0.003281679
0.122798839
0.035949801
0.020627291
0.041520863
-0.016396288
-0.028859647
0.038904863
0.030311288
0.015375384
-0.008827874
-0.024250249
0.077461845
0.060851368
0.073050804
-0.040531803
-0.05570727
0.229174414
0.031980652
0.293461745
0.047825673
0.315283597
0.139275463
0.083253736
0.015808663
0.037935785
0.02187347
0.227087589
0.014285361
0.082914563
0.048294523
-0.033033324
0.211776673
0.340155046
0.181999157
0.035881521
0.1623401
0.296051576
0.105905137
0.291326865
0.433172296
0.699945035
0.501457306
0.358880369
0.32162594
0.015743215
0.254784389
0.420428928
0.285822544
0.419929764
0.398986346
0.093922265
0.284515148
0.057829716
-0.025868304
-0.064666225
-0.058312549
-0.015793207
-0.02814917
-0.013314111
0.083657355
0.186170173
0.036230082
0.063601339
0.017550756
-0.02741197
-0.01697055
0.02256313
0.112772507
-0.018083599
0.093463719
0.047280454
0.036794044
0.07648211
0.052662371
-0.115033042
-0.000379536
0.114612751
-0.079570811
0.092239219
0.094082986
0.348490613
0.174577132
-0.006091445
0.057142821
0.030109832
0.024973303
0.228582642
0.035096066
0.071491886
0.043536765
0.022523068
0.056866981
-0.020561996
0.027457513
0.005361614
-0.076242974
0.054432603
0.101716156
0.050526893
0.101561867
0.235132852
0.087563109
0.084050954
0.036852496
0.02562872
-0.048431762
0.089900854
0.114025705
0.139599512
0.078751588
-0.053896766
0.013575966
0.117085845
0.004856296
0.198757578
-0.089247397
-0.018819401
0.059434357
0.006207769
0.012821616
0.117425305
0.05920724
0.050603863
0.136878684
0.023135163
0.053225529
0.128482618
0.040629035
-0.02713684
0.029134375
0.008678865
-0.012683794
0.012869783
0.015602525
-0.115255495
-0.092778163
-0.017182602
0.113444618
-0.030063464
0.101124153
0.192044602
0.062271255
0.025985375
-0.029927924
-0.031053873
-0.012785879
0.071314456
0.041444473
0.08764249
0.022853384
0.014973294
0.043541875
0.813889434
0.653605779
0.343174878
0.482611298
0.729436718
0.426718315
0.755597302
0.866673995
0.983495548
0.895049664
0.814143052
0.660874169
0.114801888
0.746864284
0.892704336
0.739091483
0.855511225
0.820481198
0.4417795
0.750972182
0.304350075
0.137617419
-0.021589422
0.053279079
0.230570692
0.09664575
0.212149005
0.405987038
0.605155586
0.438705914
0.313199831
0.146064157
0.153965555
0.239939357
0.40396158
0.184281064
0.323023922
0.311419669
0.1874363
0.245777056
0.890874517
0.785278564
0.47022386
0.652136865
0.839044175
0.569123012
0.858216182
0.929940356
0.985852691
0.945387928
0.90157841
0.800337743
0.192270355
0.848275488
0.948522537
0.84517033
0.919265196
0.896137843
0.583003707
0.861348761
0.548061266
0.316378137
0.119454789
0.263393297
0.423611299
0.155516935
0.465237528
0.605856275
0.886981955
0.677486346
0.530064114
0.324324891
0.034131574
0.462031987
0.702668748
0.443424966
0.582699053
0.54077063
0.21496734
0.433758782
0.024437384
0.009511498
0.050424645
0.034962065
0.054884272
-0.190990047
0.146351647
0.102476415
0.337236083
0.150936959
0.112424876
0.008743099
-0.027139685
0.028140618
0.148663877
0.016496803
0.163440494
0.086674427
0.028896808
0.120531053
0.027776286
-0.097050035
-0.013706868
-0.140539582
-0.015286771
-0.121574956
-0.000473952
-0.015074748
0.029160869
-0.04024102
0.038402835
0.055236521
0.066384661
0.005556884
0.02803612
0.016647663
-0.056432023
-0.078304891
-0.04133133
0.189474215
0.115731203
0.084850008
0.219856447
0.061560684
0.239202609
-0.037049529
0.169191119
0.137238776
0.486366675
0.244458732
0.144991302
0.132256019
-0.026128279
0.062672195
0.257378542
0.114701965
0.156842045
0.1903193
0.040893586
0.156163945
0.561036904
0.438436359
0.214173793
0.32881756
0.527932762
0.249618824
0.506349487
0.676327689
0.847006979
0.733488823
0.587694818
0.405457216
0.037699149
0.448455557
0.623356629
0.499466903
0.634212948
0.622546803
0.275268501
0.55465204
0.027277314
0.04209629
0.05675294
-0.009212081
0.017456379
0.066030221
0.025065259
0.068363979
0.20383515
0.105231604
0.082206713
0.036012956
0.058604116
-0.008500592
0.082132527
0.048927846
0.126607124
0.009606306
0.036695911
0.077560073
0.347847211
0.106291559
-0.008840519
0.066160567
0.220844012
0.013809296
0.261969032
0.365264555
0.674998189
0.404539339
0.288194443
0.121700524
0.001708824
0.206822029
0.394479023
0.223760727
0.30566538
0.293326165
0.069057592
0.237279444
0.573131203
0.387111081
0.14501427
0.337918127
0.478449012
0.184161913
0.474193575
0.65165887
0.904843732
0.717138651
0.595170364
0.404867392
0.038156447
0.47597407
0.731308117
0.453355098
0.616999077
0.589930593
0.209819905
0.498983909
0.07071622
-0.000280079
0.00911632
0.080486132
0.117356489
0.001087639
0.045829269
0.024590459
0.171821397
0.146021825
0.037409501
-0.168552094
-0.065859286
0.23489327
-0.006047848
0.075747131
0.02542473
0.04743112
-0.02075672
0.005184887
0.055276815
-0.036371365
0.00892135
0.16628542
0.034210138
0.006300663
-0.010330797
0.069093978
0.048305744
0.003165358
0.008332013
0.010488919
0.15243863
0.038168308
0.013942988
0.020764225
0.039825021
-0.018776525
-0.029724085
-0.010737273
0.044810558
0.062886076
-0.015357011
-0.128385342
0.120153708
-0.058472275
0.07164257
0.206101635
0.353805918
0.181249021
0.083696805
-0.010945361
-0.093245507
-0.007901596
0.198690698
0.081355161
0.119507633
0.068294829
0.030487536
0.076736731
0.437042071
0.218927423
0.075217067
0.179761878
0.310240313
0.158555048
0.391027506
0.5210554
0.801199223
0.593572299
0.42559764
0.270144745
0.021070399
0.321763235
0.556413527
0.337084026
0.491202783
0.43097952
0.124218215
0.365531317
0.01507059
-0.003314989
0.037010337
0.018459814
0.088857924
-0.009220957
-0.108180673
0.137835789
0.214272895
0.067885777
0.018349978
-0.016726584
-0.070862052
0.015716713
0.090549918
0.017721529
0.061004165
0.051503725
-0.029481533
0.068366649
0.139295057
0.009484438
-0.057691165
-0.054742605
0.065013264
-0.027559136
0.069325416
0.12605671
0.408481682
0.175767933
0.102755413
0.01323946
0.020017037
0.079111697
0.163397236
0.088882687
0.126064691
0.086804333
0.017931493
0.023027915
0.002474777
0.284305096
-0.000499357
-0.056351098
0.179605443
0.059397478
-0.015367966
0.083375007
0.345721636
0.108719821
0.075165274
0.052671418
0.008675685
0.073069005
0.158199985
0.132770491
0.109396743
0.09366207
-0.032954645
0.091093089
0.014179662
-0.007672501
-0.064635879
0.033792811
0.008599604
-0.047281067
0.007410707
0.056761456
0.205171252
0.085657836
0.038294388
0.069083767
-0.016953064
0.102313164
0.072479677
0.016559886
0.029409628
0.049451832
0.069967939
0.031705917
0.099984248
0.099143574
0.029421681
-0.067717397
0.027904648
-0.00631422
0.088514598
0.074049103
0.292650811
0.089200189
0.2340915
0.013188604
0.053363755
0.016648907
0.084239118
0.064174247
0.070700135
0.016006349
0.022203328
0.062084417
0.818792516
0.661091548
0.346756357
0.514011052
0.745024687
0.428497121
0.773908724
0.850620002
0.982693028
0.892713402
0.837698639
0.677705437
0.137851772
0.776550027
0.922225261
0.749693775
0.847451338
0.82532809
0.432039881
0.767670372
0.370487721
0.206453639
0.084102737
0.107339513
0.320071183
0.130932855
0.368401304
0.450816959
0.751063301
0.537639696
0.39567861
0.195116287
0.082865481
0.300888539
0.494434059
0.292352283
0.403989744
0.378345276
0.189270887
0.333410719
0.905903339
0.815764675
0.534620019
0.691824658
0.867450385
0.628424912
0.88010448
0.940885889
0.999356407
0.951919811
0.923328657
0.82091776
0.256968438
0.884548338
0.957305651
0.873857254
0.916568221
0.918286475
0.636583369
0.884777625
0.566639648
0.360093756
0.117938318
0.257985219
0.44812114
0.236469913
0.461779386
0.638742205
0.91724734
0.707597181
0.567272838
0.400617732
0.176419048
0.487597954
0.76000674
0.467323702
0.60877127
0.567539202
0.211338525
0.483422753
0.037689986
-0.033602998
-0.034208561
0.025106736
0.09510741
0.07413821
0.099007844
0.112562346
0.396620178
0.179238
0.107235351
0.023504115
0.016853003
0.04386255
0.225086056
0.069543375
0.106424828
0.12155244
0.075166972
0.157574098
0.034408662
0.044708403
0.009806861
-0.148236609
-0.016194347
-0.008303106
-0.007797956
-0.111301801
0.046549504
0.010142609
-0.017129601
-0.10492596
-0.041354164
0.028169351
-0.007179235
0.004277344
0.016668229
-0.013608522
-0.028299594
0.015552509
0.204074018
0.120211233
0.032711723
-0.014338558
0.132787457
-0.01633309
0.19570885
0.237189029
0.556555085
0.344341581
0.205520577
0.076097163
-0.014183406
0.138113998
0.431825948
0.106631467
0.240071544
0.246175312
0.045892891
0.158277361
0.708807073
0.547114948
0.292028789
0.410532981
0.645550871
0.348787327
0.639095291
0.784115962
0.914974975
0.822879496
0.72196277
0.530329646
0.212784805
0.618702659
0.784697888
0.626767703
0.75606499
0.726800557
0.399246751
0.661098871
0.051559218
0.049613391
-0.018041415
-0.057814367
0.095409822
0.007690642
0.014679859
0.153997336
0.332967754
0.118282181
0.107245376
0.13625161
-0.017838124
0.016260856
0.122800925
0.089019942
0.092182023
0.077144519
0.047097787
0.082692714
0.362627244
0.143325121
0.040663563
0.104712072
0.24094036
0.042165323
0.241277778
0.396371857
0.766323343
0.474398076
0.339276555
0.228407388
0.019102034
0.260275833
0.476239352
0.242127351
0.364928545
0.328826224
0.158479492
0.258247767
0.551852336
0.373410612
0.167986838
0.284953799
0.482624316
0.195216322
0.48790383
0.642303596
0.904282129
0.709437211
0.555181998
0.386602076
0.091494781
0.545366455
0.736983721
0.466589778
0.615597946
0.581384783
0.256794887
0.495292228
-0.036324054
0.007814967
0.122271841
0.014362056
0.006333204
0.046090339
-0.034416135
-0.06375952
0.073788166
0.11649534
0.058767991
-0.021334918
0.046577714
0.141125929
0.039079801
-0.052602406
-0.014586543
0.060395615
-0.039688611
-0.066257894
-0.049034885
-0.013496956
-0.045235783
0.028979694
-0.029752533
0.050739347
0.021950451
0.028809464
0.086364163
0.115776439
0.059968242
0.013087624
-0.036002633
0.078414685
0.059611198
0.007139273
0.0154699
0.022910113
-0.004837471
0.02016324
0.015378335
-0.06289611
0.213964858
-0.098990715
0.043887692
0.035903402
0.112980715
0.034239836
0.283014769
0.154347092
-0.061996679
0.103094059
0.012733893
-0.002845058
0.242903626
0.059279594
0.062001141
0.031239632
-0.000802059
0.042371785
0.258571555
-0.0554491
0.168491877
0.001750713
0.205181257
0.024340173
0.211321474
0.272098918
0.635456181
0.346292084
0.363194244
0.204203989
-0.087144677
0.203598862
0.360893525
0.185130173
0.302882486
0.232205832
0.118330859
0.173956367
-0.001946599
-0.022269855
0.064887654
0.024859737
-0.064701938
0.032948128
-0.030183611
-0.029537869
0.206063175
-0.016410894
-0.114746938
0.003283313
-0.053220365
-0.022289226
0.028161638
-0.049539172
0.140513087
0.054784107
0.018030403
0.038827844
0.001384727
0.10386208
-0.032571686
0.289280608
-0.071226503
0.018277394
0.190168763
0.060953503
0.063969038
0.155444961
-0.047611204
-0.085917275
0.082090617
0.077462207
0.027205109
0.013505979
-0.10594866
-0.002102179
-0.006782046
0.075694741
0.007230178
0.0443108
-0.009207795
-0.003777532
0.027576112
0.093048291
0.057981703
0.039495879
0.045006797
0.008309831
-0.075035096
0.060229707
0.026932053
0.127105093
0.013641759
0.02176109
0.002960614
0.01432759
0.005915412
-0.013300227
0.034335808
-0.028282835
0.009077342
0.046326433
0.055563978
0.011309843
0.066223634
0.006430683
0.16239647
0.047464115
0.03326681
0.025656342
0.049466093
0.015056943
0.059934783
-0.057065598
0.035369822
-0.027966427
0.116459836
0.040209962
-0.092976465
-0.021909601
0.103897383
0.217516529
0.081455284
0.16314943
-0.09347666
0.028271226
0.060859112
0.102990246
0.069019078
0.054917764
0.082535465
-0.037724265
0.023877628
0.6998903
0.534065211
0.359988491
0.357177743
0.569329056
0.277086306
0.613762238
0.746160666
0.952864636
0.777837411
0.715547214
0.564113402
0.088571505
0.672649232
0.831663335
0.631849265
0.74666332
0.696948556
0.371129053
0.591984229
0.304023408
0.195871678
0.088241894
0.153434297
0.224125666
0.070630636
0.291339009
0.417757159
0.680956466
0.456012916
0.442299919
0.219921095
0.02014142
0.331831281
0.433069867
0.267118807
0.418942936
0.345662618
0.152360851
0.282738451
0.798392824
0.611301483
0.343897642
0.4941664
0.669709257
0.425614114
0.726682324
0.81317574
0.961411641
0.856803496
0.781878346
0.65527299
0.219254904
0.745373839
0.902719075
0.723665292
0.81952047
0.791744317
0.382382966
0.713793197
0.376840386
0.435175921
0.055095413
0.060783883
0.296105044
0.218725802
0.341938538
0.41952486
0.826144031
0.50014838
0.420342944
0.28721017
0.00333552
0.31267113
0.59710491
0.372184144
0.434509064
0.413412537
0.026666957
0.31104892
-0.006065071
-0.118734429
-0.051832766
0.220676522
0.047601502
-0.05234346
0.006887992
0.143730358
0.31681813
0.119240338
0.162190321
0.045666394
-0.043382859
0.031688126
0.14263045
0.03141832
0.072740784
0.092596093
-0.032306795
0.031365148
0.044854991
-0.018629097
-0.033973087
-0.022483618
0.000344678
-0.054756749
-0.017233179
0.065938447
-0.017292676
0.073011365
-0.128601443
0.01586999
0.080374661
-0.030616712
0.209636505
-0.03405031
0.177460334
0.130453542
-0.059414957
-0.018209535
0.16795028
0.129239574
0.060517269
0.000728591
0.119961707
0.439094326
0.159992704
0.202811354
0.068664283
-0.029774847
0.101699529
0.161779657
0.111932487
0.073476476
0.131046149
0.071276064
0.011319351
0.709089412
0.51644696
0.279708749
0.42077776
0.61364379
0.380612059
0.644051292
0.762224606
0.908080851
0.812801382
0.712170828
0.53351264
0.121232742
0.624371736
0.77318421
0.61742129
0.719704992
0.704641962
0.428797218
0.658703942
0.014838991
0.036331652
-0.024556948
0.089837318
0.02875208
-0.018564429
0.011560333
0.056285785
0.317873585
0.063906326
0.105279464
0.04014067
0.117376192
0.271383973
0.115735761
-0.060166536
0.076125782
0.071539039
-0.012957034
0.052319029
0.159030215
0.112183662
0.019593716
0.048678071
0.132064872
0.101521425
0.158675598
0.289216417
0.601775683
0.311503351
0.15687558
0.056088222
0.004418734
0.153949481
0.368891165
0.138510697
0.312882462
0.194144778
0.009499835
0.12334936
0.394429064
0.249414856
-0.056591905
0.095564489
0.317310861
0.113976338
0.35943509
0.507500806
0.833018783
0.54461344
0.407876492
0.263591996
-0.009671406
0.328005044
0.59504947
0.388269493
0.462349199
0.41165496
0.118681156
0.333355985
0.049072386
0.047839943
-0.063647691
0.065760297
-0.067742607
-0.043977655
0.021048082
0.109995337
-0.03428437
-0.027352039
0.035930242
-0.097812541
0.229814074
-0.046260255
-0.047170209
0.039136274
0.186151969
0.032458626
-0.049646518
0.380239236
0.052826836
0.063453088
0.079675845
-0.050203817
0.066456492
0.143955038
0.116955423
0.035543311
-0.075485159
0.069527512
0.044533011
0.034000618
0.043141897
0.042039579
-0.011193371
0.031382206
0.062345188
-0.084712216
0.091790714
0.053457894
0.020029124
0.07872482
0.100114001
0.099917687
0.022761594
0.117547666
0.318926589
0.162910249
0.05823063
0.17059705
-0.022996444
0.112863924
0.131179077
0.040860759
0.02606715
0.257349304
-0.041289833
-0.029164015
0.382157487
0.16274173
0.105650868
0.017823446
0.251734361
0.059190507
0.279882276
0.431990971
0.745285241
0.510028305
0.359552527
0.159592701
0.006365546
0.283692056
0.46234056
0.29791514
0.388775448
0.381111594
0.119956296
0.258697954
-0.036167127
0.011615882
0.223397848
0.00689556
0.057756864
0.122270579
0.006240586
0.199582206
0.187803202
0.108059134
0.056259517
-0.069420618
-0.129859493
0.021309508
0.143210128
0.021069416
-0.070949916
0.066990866
-0.019778162
-0.050473618
-0.029089701
0.057801587
0.05873633
-0.052427616
0.084976789
0.071334959
0.104501266
0.081235452
0.261323465
0.084245277
0.061408712
0.010989819
-0.013706794
-0.021026971
0.12292824
0.017348323
0.011225616
-0.002560292
0.026499291
0.045498982
0.053166175
-0.047889368
0.096083715
0.060293921
-0.141197436
0.043391029
0.127810145
0.346017656
0.106987023
0.093175048
0.073230665
0.030665658
0.055080538
0.156730343
0.107065001
0.189632015
0.036579407
0.081635233
0.015455638
0.115559205
0.001916632
0.010872505
0.078185358
0.071292344
0.028501246
0.029143557
0.139232644
0.040794136
-0.011165762
0.303446118
0.058170213
-0.007084333
0.050282491
0.012482089
0.037859369
0.034334943
-0.005657327
0.05401796
0.041700026
0.007976276
0.111642694
0.028766271
-0.032175963
0.01844474
0.069809394
0.039844974
0.224768859
0.147751936
0.022425523
0.016101499
-0.008492789
0.080430967
0.055324446
-0.006647831
0.053646739
0.05603336
0.055670191
0.061280463
0.814541686
0.677300383
0.35436162
0.518401169
0.724000767
0.418180629
0.758142204
0.86574826
0.986291682
0.885177348
0.810388624
0.677698696
0.122400349
0.77116877
0.912595261
0.755487839
0.846800325
0.811621159
0.438361976
0.759277668
0.405434176
0.254901435
0.037815277
0.225335744
0.331320928
0.153618763
0.326673906
0.475453951
0.771955813
0.546907374
0.402512703
0.25775173
0.067990239
0.339056213
0.514943402
0.322018792
0.44391227
0.418594304
0.17772226
0.338488441
0.899803555
0.804987486
0.534128715
0.690602706
0.854471695
0.636912908
0.87689058
0.923038758
1.002099372
0.94869319
0.903001584
0.837862529
0.280780375
0.883114454
0.954744659
0.870443698
0.918040062
0.902750879
0.591029028
0.866894123
0.52293023
0.380017129
0.136743969
0.217696331
0.365140642
0.217893191
0.512848122
0.568119748
0.881804546
0.624104205
0.491232319
0.321128478
-0.000858974
0.430838994
0.68225423
0.426232325
0.558025458
0.521199938
0.082025731
0.403518195
0.036745283
0.049331627
0.072399763
-0.006425454
0.04470177
0.004321316
0.074058608
0.051344859
0.280468571
0.081266678
0.078050994
0.040484744
-0.02173772
0.030197311
0.153816646
0.058547782
0.113487083
0.029890094
-0.03445924
-0.021586435
-0.030246412
-0.03631569
0.055969041
-0.021032236
-0.0107395
0.022621477
0.016557826
0.03726238
0.017601622
-0.014026038
-0.010785067
-0.003777206
-0.159925222
0.094295903
0.052838457
0.093257584
0.028343095
0.056798321
-0.057049008
0.128222688
0.107137261
-0.051919644
0.051162877
0.057607366
0.071079485
0.18668208
0.254603041
0.464476412
0.238836939
0.210599854
-0.043831855
-0.042100836
0.071663511
0.222965766
0.184696798
0.22200208
0.154637247
0.040733816
0.115373438
0.726709843
0.546699925
0.281361106
0.441779803
0.648969584
0.356176079
0.645300143
0.779588249
0.930884219
0.83438794
0.732500072
0.560281884
0.167654314
0.649148249
0.790278073
0.640021695
0.742806127
0.740396005
0.421721657
0.659430087
0.05200765
0.00777743
0.014238425
-0.016385069
0.051682326
-0.010734591
0.056460495
0.051386228
0.282930929
0.15423832
0.057645802
0.125303607
-0.043111687
0.100978442
0.186462753
0.018495447
0.033895121
0.062472531
-0.00750964
0.018153147
0.321520787
0.208933359
0.038876501
0.062015641
0.210809167
0.077286196
0.29599286
0.367468834
0.722884346
0.423060554
0.322572391
0.152698559
0.039498711
0.26579011
0.452532371
0.234255309
0.344388506
0.312580584
0.050381013
0.230186716
0.554110756
0.378596189
0.139502409
0.258683467
0.435611241
0.151844158
0.504764304
0.617765918
0.8871103
0.680368171
0.558790908
0.360614593
0.027232201
0.475197895
0.721830529
0.46673078
0.60349596
0.548719884
0.277720515
0.470688289
0.139297247
-0.044135608
-0.019157608
0.107570389
0.232469313
0.042184954
0.062475398
0.181462659
0.111193768
0.099232116
-0.04646154
-1.42e-05
-0.100333033
0.072947431
0.020508157
-0.021790956
0.091718919
0.046897812
-0.215275146
-0.088071221
-0.009947686
0.0478115
-0.104118798
-0.022285909
-0.059895652
-0.081211111
0.064180922
0.259814726
0.046382651
-0.035790372
0.219919487
0.001673003
0.010474362
0.070753398
0.019523036
0.033185467
-0.028016041
-0.002521597
-0.003012927
