6.493499045445505491e-02 9.517361991940015420e-02 4.210242505624856024e-02
-6.635599312384454773e-02 -2.956019433073037161e-02 -1.536047403402795997e-02
4.815564573043689123e-01 -2.027482248647496377e-01 -3.809576961424882002e-02
2.057810792602093874e-01 2.764274682967310381e-02 2.200801862572124845e-01
-7.427147347600282501e-02 -1.232115634687266925e-01 1.904349806753302676e-02
-1.048581200991399176e-01 -2.083590048470524425e-01 -1.860519629578857859e-01
-1.922569636312898567e-02 -3.751155013955731476e-04 1.535635281748198855e-02
1.376768733945654688e-02 1.374532742417501341e-01 1.728628985549576225e-01
-7.242781267744174967e-02 4.963040279579422620e-01 -4.854754305179442841e-02
2.395185213753292519e-02 -4.787465157996700915e-02 1.437940236175330178e-01
4.097876669284000739e-02 2.849369440922899788e-02 5.376921538015955182e-02
6.456560877103800777e-02 -1.478211279451185078e-01 -1.181322777225878584e-01
-3.140639701998533817e-01 -3.149130866079774549e-01 -3.119102130572163345e-01
2.718543198088574364e-02 8.902121457003298044e-02 8.390645529084522769e-02
-1.152495457349669850e-01 1.440150927150329885e-01 -8.964673299996700484e-02
-4.499756597466986197e-03 -3.548888520996695828e-02 -4.227601971996697294e-02
-3.159110924966956890e-03 9.423564650329896430e-04 2.935705225253298911e-02
-1.136392394496699154e-02 1.043599033950329824e-01 1.115877784823136598e-01
-1.172825932043259911e-01 -6.595060355496701332e-02 -8.590561237297220099e-02
-6.129477983148212683e-02 3.384701221618691136e-02 3.303206009276027366e-02
