0.633183143
0.514501478
0.506210335
0.842829184
0.629498915
0.139237105
0.555619329
0.799266951
0.47497704
0.779782896
0.662199182
0.313600132
-0.093495746
0.716670142
0.377044073
0.499917105
0.610505991
0.734698171
0.374521699
0.643217627
0.445335242
0.310324074
0.318849647
0.724899184
0.433847816
0.109793633
0.399278732
0.648955008
0.252803019
0.594189448
0.454703955
0.115393259
0.022824459
0.469784534
0.225632436
0.288007533
0.407321403
0.54162977
0.197880371
0.427305473
0.148258116
0.105597453
0.116408799
0.374363829
0.123171812
0.084632178
0.167043782
0.282254776
0.137602319
0.299990763
0.187610387
0.080812426
-0.071324521
0.120140767
0.060307486
0.068969761
0.137962898
0.252790608
0.108146976
0.176228916
0.600631392
0.509325243
0.457502777
0.843433665
0.652351699
0.116737483
0.547931684
0.788620786
0.494093658
0.782612727
0.63145058
0.29543755
-0.126354043
0.686528009
0.332567893
0.467869413
0.608048848
0.725244396
0.393184815
0.659012128
0.220885673
0.168000055
0.043803342
0.427534868
0.174166962
0.099858151
0.138442386
0.372059901
0.109495095
0.351491382
0.20462512
0.120023024
-0.046500756
0.246025219
0.116573534
0.057640444
0.222753442
0.31276482
0.101485275
0.187024524
0.128416221
0.08074693
0.124221453
0.298746912
0.140306222
0.066719815
-0.015888022
0.371736387
0.039680202
0.223810066
0.155151287
0.305496972
-0.053742374
0.166714304
0.004520754
0.086554775
0.087303514
0.180937993
0.097985994
0.124852511
0.42088147
0.301821852
0.285678601
0.710775465
0.400325015
0.038319922
0.379995988
0.624482048
0.278864252
0.656031815
0.477526031
0.200674347
-0.031221307
0.516527582
0.243327923
0.303951701
0.405059721
0.561279447
0.276197579
0.464687267
0.681557402
0.528652118
0.478178843
0.869073088
0.645626815
0.2024093
0.608932542
0.841454064
0.477597767
0.807055764
0.693502826
0.362752338
-0.001035613
0.751725224
0.457933803
0.495422752
0.669952183
0.761192639
0.414495781
0.675872519
0.955709511
0.950570173
0.95530968
0.984713899
0.929273084
0.862459662
0.972392006
0.957007733
0.929884929
0.936478786
0.934617128
0.906641452
0.181976567
0.952230195
0.916852344
0.930911649
0.954406525
0.929245386
0.937556757
0.952575101
0.404471343
0.305353157
0.247562939
0.585891051
0.341873709
0.06284849
0.329296739
0.5670528
0.266015639
0.53108222
0.459524035
0.150369307
0.019517875
0.422112012
0.185150852
0.243024925
0.356748805
0.46559136
0.162672717
0.323740471
0.520024236
0.422380623
0.316391007
0.786266584
0.475593223
0.14092061
0.423804806
0.688374385
0.302800453
0.680451711
0.557272847
0.186972462
0.076787135
0.573294651
0.281874041
0.352656416
0.485106314
0.596426967
0.299408559
0.460968545
0.228935751
0.276718984
0.178186249
0.493393569
0.226399195
0.050159527
0.21442677
0.371623567
0.108556865
0.369613895
0.262961699
0.108141453
-0.082048577
0.273766961
0.150464018
0.159915146
0.215240293
0.324703098
0.140182603
0.213792486
-0.015576505
-0.067516785
-0.025576096
0.055977712
0.013852675
-0.045925588
-0.096689851
0.007101523
-0.070840879
0.041653682
0.014118938
-0.091532916
-0.135698891
-0.08049659
0.023092263
-0.159953391
-0.057938605
-0.006023465
-0.084641664
0.598148254
0.469658987
0.402968207
0.829740354
0.56794124
0.120649672
0.528961887
0.767351073
0.439809905
0.759848752
0.647009603
0.325914841
-0.096825104
0.6866077
0.312652321
0.438575064
0.576826885
0.732145714
0.355262651
0.593566733
0.693096887
0.553040374
0.508516841
0.889188896
0.678261107
0.310172968
0.631632525
0.825825878
0.506956129
0.800794269
0.689009466
0.375458217
-0.006229729
0.722078739
0.410562029
0.520354621
0.662045372
0.753089288
0.450509251
0.672199382
0.423081797
0.307137232
0.296336578
0.70006016
0.385936202
0.083005014
0.412229512
0.633007279
0.274839239
0.611812604
0.428188714
0.163693858
-0.07086118
0.46454298
0.232884035
0.257403581
0.415257803
0.544658457
0.214824513
0.418655551
0.465077216
0.429587298
0.321116006
0.746592729
0.446350425
0.466378736
0.410180628
0.689854163
0.325774751
0.654369751
0.524540161
0.235776312
0.13006877
0.528580717
0.229081063
0.335760178
0.455331439
0.584779507
0.328365827
0.477597673
0.663455633
0.538530762
0.439156066
0.863778249
0.625983324
0.184505693
0.608092481
0.839068886
0.539238548
0.796985098
0.694253474
0.39197957
0.059100959
0.730391669
0.385486643
0.493909956
0.629427106
0.771557014
0.380749647
0.643784586
0.268330937
0.195919195
0.512074703
0.312369468
0.33192256
0.210262444
0.467593921
0.208735371
0.454572943
0.315209082
0.368875775
0.004816435
0.5024727
0.185574086
0.192939841
0.288087042
0.471865388
0.066820086
0.305349643
0.454576276
0.351454491
0.317544752
0.725786454
0.472363631
0.054899632
0.417792563
0.669751095
0.42007092
0.64598905
0.497038628
0.204954085
0.049073795
0.602276253
0.278104803
0.343502963
0.448981483
0.599746566
0.25871567
0.469258794
0.344958234
0.414272399
0.24938756
0.62275291
0.338592673
0.051774981
0.312749668
0.587988253
0.272956342
0.545663619
0.390646725
0.030913748
0.38876063
0.209655589
0.299510766
0.355241995
0.488576889
0.187768976
0.426525149
0.166251393
0.126256909
0.270994255
0.158454961
0.084612286
0.131703417
0.2578228
0.101085416
0.278489698
0.028815954
-0.008028536
0.041681899
0.224221728
0.011137896
0.134662079
0.177385616
0.214819796
0.113111455
0.111415337
0.315326318
0.052607316
0.008458027
0.154205544
0.044411487
-0.008915795
0.023891005
0.096796865
0.035322251
0.139542511
-0.041684683
0.025622836
0.010143323
0.105533691
0.067208372
0.01669986
0.026103041
0.101647098
0.474386795
0.074140991
0.300268748
0.45310918
0.198495176
0.539967217
0.349386489
-0.098973592
0.231672081
0.494134802
0.232751536
0.440834445
0.298879527
0.120149695
0.113958901
0.321407811
0.169072927
0.208806435
0.22720462
0.365591485
0.11868047
0.300438072
0.159355543
0.258930828
0.326292112
0.149266538
0.359257654
0.030079367
0.310126899
0.227621066
0.256122023
0.177400304
-0.081050911
0.173216622
0.083040217
0.098565121
0.187985482
0.180219406
0.097324466
0.213271054
0.052885279
0.064165404
-0.055293644
0.173088018
0.120908884
-0.107576314
0.101248149
0.155521788
0.124727879
0.129283663
0.07164203
0.059616406
0.025269373
0.030156895
0.139781298
0.065478282
0.052155339
0.117953856
0.186345319
0.1448699
0.290614757
0.486194866
0.197713875
0.534599022
0.254697173
0.055104585
0.190129123
0.550797503
0.105032669
0.416541173
0.287391092
0.154675319
0.029876368
0.33140163
0.071254726
0.228744241
0.238235126
0.490072648
0.087451616
0.291661496
0.481704227
0.33756815
0.377559328
0.724113719
0.434492554
0.092339794
0.430192437
0.683389597
0.283847183
0.647035011
0.434158445
0.42793521
-0.001965008
0.526159255
0.243754852
0.332692745
0.456350408
0.562544876
0.249993095
0.504692931
0.757903701
0.760245169
0.785588015
0.841884665
0.741594615
0.646337154
0.761592454
0.783896197
0.72282308
0.742471449
0.705587669
0.700933264
0.108122269
0.777481731
0.705164483
0.760273431
0.775686239
0.787994049
0.673415511
0.745697163
0.243978657
0.424272496
0.188828348
0.53855669
0.226448505
0.07799073
0.199489937
0.388202879
0.137373508
0.409689611
0.240004066
0.0713794
0.167857238
0.338031897
0.366051312
0.15905596
0.241800854
0.32410423
0.019588597
0.303215436
0.330616732
0.269122645
0.153357174
0.598386195
0.305586287
0.085496867
0.267343301
0.526704825
0.14793309
0.476592888
0.280948295
0.172884219
-0.087944735
0.409712749
0.156042592
0.193695706
0.347927828
0.411001329
0.156869598
0.347135213
0.139998837
0.354266956
0.088979315
0.215216741
0.049238789
-0.054315219
0.126486307
0.200176538
-0.007243721
0.152527324
0.086811412
-0.004304048
-0.089300976
0.021881305
0.339013659
0.079873573
0.165170564
0.141550619
0.13889787
0.100437057
0.025133989
-0.062506438
-0.06849785
0.041241308
-0.019689901
-0.019112849
-0.013909259
0.057081087
0.025843783
0.017179415
0.240131086
-0.023610621
0.003429448
-0.068703873
0.098633373
0.219261059
-0.058497569
-0.019888749
-0.074519321
0.392881234
0.281940566
0.267254674
0.658744599
0.420054886
-0.02890409
0.378674338
0.648178372
0.242010644
0.596389269
0.477813109
0.254741619
-0.091947903
0.499845169
0.262497551
0.377580461
0.446536951
0.517814598
0.265633716
0.439236244
0.449494845
0.3267271
0.316634875
0.718423639
0.469845333
0.078884808
0.359340213
0.598336281
0.276976668
0.577295769
0.459982734
0.221190641
-0.080802842
0.490710514
0.365642973
0.275537246
0.426204026
0.557845479
0.245036364
0.462570476
0.224029119
0.201433949
0.13954153
0.483724131
0.24207171
0.028758703
0.179149734
0.362028185
0.132216185
0.298627618
0.226672492
0.054779715
-0.050019651
0.19563426
0.25780542
0.129053815
0.206897003
0.29431092
0.062782627
0.225923269
0.240646156
0.213659533
0.049257817
0.542850132
0.242282128
0.041521924
0.23574239
0.464964695
0.147220449
0.419000823
0.31790079
0.12335226
0.050406893
0.301291393
0.095017742
0.158631266
0.265806755
0.354350864
0.159168999
0.287647712
0.406285076
0.418870092
0.286658196
0.695294667
0.365061088
0.175231825
0.321598374
0.626706769
0.259997155
0.539626446
0.502147676
0.464698339
0.038920983
0.470065999
0.207970499
0.325857715
0.381975025
0.508353357
0.108155484
0.391235431
0.199261926
0.127034562
0.587150271
0.065291082
0.041952974
0.310659575
0.364011172
-0.038830379
0.259943056
0.164928197
0.084763732
0.245491171
0.060643131
0.129221541
0.149013561
0.291616772
0.135179489
0.198352851
0.325066521
0.267042318
0.603231167
0.299246267
0.119542376
0.286606969
0.518786462
0.140608251
0.553871203
0.396703052
0.124866066
-0.047852655
0.408531386
0.18285616
0.195474872
0.318537204
0.399407796
0.473203184
0.369870885
0.960898763
0.91434782
0.932924542
0.979015053
0.933268535
0.819477305
0.928128133
0.947681548
0.951213337
0.958478651
0.92186113
0.915850094
0.194095975
0.966603334
0.940790873
0.952357437
0.956136395
0.96683491
0.897759507
0.930780156
0.931777616
0.899520802
0.929820343
0.973919706
0.925413481
0.704878399
0.925217913
0.922184627
0.917300773
0.947704818
0.874841022
0.844874558
0.114662923
0.915636815
0.905031609
0.917688329
0.908252056
0.92826952
0.87063038
0.915454024
0.696235903
0.581026016
0.491513845
0.937433009
0.717621544
0.188248473
0.706299108
0.842723816
0.533713818
0.846437458
0.738519411
0.42803568
-0.05351565
0.792318662
0.416371804
0.518318551
0.69564945
0.822508677
0.476225918
0.699837999
0.872573664
0.803708603
0.786050766
0.952394042
0.832980013
0.389330551
0.877195514
0.910877686
0.784195666
0.912841026
0.83539725
0.616514544
0.029018405
0.907209391
0.697526739
0.803044911
0.875274408
0.897984283
0.740077073
0.863003849
0.929456623
0.896871593
0.847866523
0.971921213
0.901709552
0.544899921
0.893247327
0.940143717
0.883868368
0.94485593
0.914116965
0.737902324
0.147332413
0.925964798
0.847751124
0.886921737
0.940481733
0.938557482
0.80491117
0.923899431
0.710100987
0.559903473
0.524492775
0.908231757
0.666917726
0.208191956
0.657625223
0.838136213
0.499153516
0.824754571
0.725465554
0.362291699
0.001746125
0.768467471
0.402966371
0.513649372
0.684905476
0.785588603
0.445749898
0.691029946
0.910332191
0.844372027
0.893551363
0.961362527
0.89947876
0.737971437
0.899937351
0.884787883
0.890415257
0.901151073
0.84048559
0.834223413
0.158979033
0.933587416
0.89418837
0.904678005
0.921512197
0.916716591
0.901503526
0.877164725
0.96943229
0.982270497
0.957751597
1.002126966
0.95364363
0.931543218
0.978241747
0.966117695
0.966816161
0.97521531
0.942467365
0.953622064
0.216982211
0.989414759
0.968662908
0.959384245
0.971526598
0.978279758
0.966163631
0.96450252
0.967376488
0.962920453
0.976040695
1
0.945900575
0.972563647
0.979884313
0.982546138
0.95060937
0.962348837
0.954700952
0.985612373
0.800421611
0.987794324
0.98013782
0.990090346
0.976991056
0.9828015
0.966157417
0.968951476
0.92565132
0.892583164
0.897906709
0.978869361
0.91449662
0.70110227
0.919687272
0.927848571
0.911797014
0.926894025
0.911389115
0.837292824
0.120106945
0.939178034
0.893771531
0.907926621
0.934599047
0.932147229
0.870847877
0.89222033
0.965018312
0.939129236
0.920723198
1.005947399
0.938275582
0.817735586
0.950084877
0.940822532
0.951214043
0.952750277
0.927242702
0.924394634
0.189115515
0.96971285
0.934788165
0.946917034
0.966026654
0.956839306
0.914557155
0.924444933
0.868958739
0.840148834
0.762642402
0.965389981
0.865198819
0.370254088
0.857231744
0.900351811
0.779860319
0.913897225
0.876589579
0.62754051
0.094053785
0.922381285
0.732816122
0.796736818
0.875451838
0.881507815
0.711765779
0.869974729
0.134196297
0.0756825
0.028440709
0.255767573
0.155311107
0.05739696
0.160545594
0.263140163
0.1651663
0.144971561
0.074008213
-0.020088021
0.06119731
0.095730849
0.191970419
0.098591058
0.165406619
-0.063303906
0.045440723
0.912706684
0.953438136
0.940349221
0.975740032
0.922956131
0.800175521
0.913741867
0.942514045
0.926861931
0.960009649
0.907226464
0.875260794
0.1182288
0.975755939
0.879102784
0.950658394
0.924293315
0.944046552
0.912870807
0.914193792
0.945541396
0.961014107
0.955025878
0.996173028
0.953850831
0.91856966
0.98082634
0.961254376
0.960565626
0.974825224
0.936145957
0.936734485
0.261984574
0.987925141
0.974587868
0.96226854
0.967232449
0.959265985
0.947593381
0.960865822
0.936725727
0.906984773
0.882655175
0.978515022
0.917252021
0.60572445
0.927150302
0.943480986
0.896343289
0.953250107
0.916659679
0.802866882
0.096389153
0.930604873
0.854552221
0.899449751
0.925905566
0.936083245
0.855296983
0.910780778
0.929322609
0.890111287
0.904399466
1.004218588
0.923083095
0.699661265
0.965039525
0.946150001
0.936904461
0.964082415
0.929706481
0.853559692
0.081006157
0.953502601
0.9140812
0.928041902
0.942640705
0.932812841
0.897729449
0.940648768
0.958395782
0.947932759
0.927653928
0.986495916
0.93873099
0.88586552
0.964068951
0.964519323
0.958741017
0.961612644
0.924851898
0.918976955
0.197102123
0.952045863
0.952668915
0.944466496
0.956017062
0.968723871
0.916698788
0.936823832
0.904807594
0.879372199
0.85770616
1.017502225
0.898879471
0.659179113
0.893581915
0.916191237
0.910735778
0.940243652
0.886333701
0.79072177
0.115864682
0.938395863
0.879654394
0.879580658
0.912872835
0.916041381
0.812253722
0.895045606
0.954478146
0.966521101
0.932777669
1.00022897
0.923367603
0.810774788
0.942029178
0.947706562
0.948637835
0.968557422
0.930620451
0.880452479
0.145773123
0.97770782
0.930912624
0.942213725
0.959877001
0.952399721
0.898767944
0.913651301
0.801641659
0.675994615
0.742818749
0.930557159
0.773185444
0.246798883
0.772764771
0.900102059
0.649726495
0.856345691
0.785124719
0.433896712
0.008583802
0.848198577
0.537966871
0.650988374
0.775978612
0.857407034
0.598200474
0.803807827
0.717259195
0.600404331
0.512544504
0.895603801
0.675701381
0.145339859
0.627892633
0.817588669
0.532940948
0.818928886
0.669768534
0.337059018
-0.013580133
0.757695787
0.390784676
0.564268965
0.679273899
0.800817612
0.3747622
0.674115331
0.274717131
0.185049622
0.128741385
0.204965637
-0.068037877
0.191388592
0.414409011
0.147999004
0.342592842
0.441551715
0.163918847
0.398110517
0.265325175
0.124048249
0.269116277
0.356624473
0.469107634
0.068681962
0.222203544
0.626571567
0.453667337
0.454766833
0.869173479
0.549168364
0.26766474
0.541763
0.747286672
0.436373826
0.750214343
0.67991001
0.237495551
-0.089109719
0.665249343
0.392061505
0.398904862
0.606421528
0.732431601
0.38628565
0.672385873
0.471705309
0.323430434
0.286807622
0.716321415
0.381203872
0.006671112
0.346391437
0.631245393
0.229634393
0.576988915
0.421544933
0.148132724
0.015982045
0.516655589
0.18947553
0.285727052
0.363414341
0.550894566
0.151658952
0.400598079
0.201361591
0.113318211
0.162452587
0.420365187
0.221760231
0.055870192
0.169336284
0.342137889
0.191741809
0.337880531
0.362248107
0.017845131
0.055753305
0.347851264
0.02828282
0.196002964
0.213008201
0.309474391
0.084844421
0.193618567
0.677157801
0.587436188
0.851311289
0.655567406
0.206539914
0.72061069
0.773261453
0.525033928
0.789082079
0.674088883
0.275690048
0.027719673
0.745880717
0.422158959
0.501236871
0.662530045
0.761415737
0.425704475
0.671987744
0.859835601
0.839939364
0.776555287
0.959842931
0.849903572
0.365052376
0.837607063
0.931260804
0.769026563
0.911622207
0.863441448
0.598475676
0.138147616
0.879559576
0.639911281
0.774343421
0.866756827
0.901194423
0.663101646
0.877680545
0.959565726
0.941710838
0.972348127
0.993060701
0.953598269
0.915569092
0.971638632
0.955759858
0.934287272
0.952444054
0.93566737
0.971694036
0.349294086
0.981275519
0.962567333
0.952748856
0.959901974
0.944540415
0.960092346
0.974791529
0.673206456
0.544371478
0.521016815
0.864519509
0.624530664
0.137521673
0.608137443
0.815198934
0.490209219
0.773533857
0.66601295
0.337703557
-0.030554884
0.740479263
0.375698825
0.477751829
0.618311534
0.757040356
0.344736013
0.628413026
0.756049863
0.659318321
0.566065275
0.904712769
0.683402732
0.187183942
0.696823695
0.843091592
0.575022762
0.859673472
0.786550634
0.454037791
0.064591735
0.827141931
0.517226762
0.581305654
0.734760668
0.849910505
0.488192987
0.763078591
0.353269641
0.27259745
0.284031222
0.632393349
0.347136487
0.140623974
0.329075116
0.579600256
0.198572849
0.538619684
0.409953052
0.131219491
-0.000550623
0.422379286
0.2071331
0.322666011
0.342836344
0.460589128
0.326873109
0.352127821
-0.011532556
0.011530504
-0.029542372
0.082124228
-0.022149186
-0.013089574
0.087525821
0.025033775
0.022023078
0.073002682
0.00759385
-0.008560293
0.046175591
0.114607033
0.023585104
0.073072742
0.267104713
0.056570802
-0.038320306
-0.015142039
0.780439587
0.700814897
0.632092969
0.862925518
0.72359453
0.231219955
0.730598354
0.854528056
0.651275972
0.851683058
0.751249555
0.441758447
-0.167374431
0.821912678
0.517966383
0.655263451
0.770727245
0.82518458
0.517937186
0.763424965
0.848018364
0.797064764
0.749265299
0.957505329
0.824374641
0.362695285
0.846886334
0.890556033
0.798686649
0.898948034
0.851457654
0.607960168
-0.001653806
0.90320997
0.701776424
0.774103118
0.856194229
0.886283671
0.741995892
0.85075943
0.639460716
0.495837968
0.446646843
0.853569722
0.600598748
0.14341363
0.57346387
0.790245507
0.410502975
0.780641913
0.64671331
0.278664647
0.014438497
0.712415687
0.331485526
0.423059754
0.580452139
0.720296715
0.320774219
0.609251128
0.673313557
0.559009414
0.494787001
0.872123886
0.668122106
0.154379711
0.643387328
0.814945742
0.511678948
0.800351993
0.703485011
0.339365358
0.025508012
0.746019837
0.428633661
0.528902405
0.683519707
0.76950598
0.449438645
0.687125572
0.797105065
0.753958407
0.748031272
0.960550056
0.787421583
0.323747403
0.789723932
0.922281507
0.710299214
0.892809223
0.83164592
0.518312628
0.055006475
0.868005829
0.610713401
0.706652468
0.82163727
0.878097795
0.620088379
0.793722719
0.457416956
0.386020959
0.350832253
0.774293513
0.455971373
-0.002983999
0.400703139
0.686897325
0.310461778
0.635689983
0.48565172
0.265542099
-0.003578745
0.563403749
0.258760101
0.323149943
0.446356661
0.616749999
0.441547063
0.713285505
0.641089988
0.628791723
0.937782106
0.725652119
0.153863923
0.697513931
0.870593944
0.578633528
0.844061893
0.765946964
0.340421508
-0.102283675
0.793445824
0.448233729
0.56126726
0.727017674
0.795513339
0.437411333
0.72781333
0.335752016
0.310908246
0.241190899
0.568359892
0.351689968
0.056435846
0.309766397
0.566874283
0.306055335
0.484517985
0.353830646
0.149068781
-0.069610858
0.393974114
0.261284144
0.263574979
0.336340048
0.42875399
0.177445264
0.345422565
0.246703692
0.071315
0.109216221
0.414302898
0.228309876
-0.049541038
0.128339373
0.400595996
0.202290635
0.305322259
0.261769069
-0.035029948
0.288489009
0.139306032
0.116089351
0.217826601
0.289348272
0.119696531
0.204040645
0.070021897
0.063105688
0.181388201
0.02763746
-0.009639544
0.044309363
0.133065544
0.034197636
0.223957761
0.106126857
0.007603197
0.005249741
0.021356768
0.112625043
-0.02624539
0.033636355
0.088262213
0.020734248
0.263185862
0.237427285
0.300197839
0.265571003
0.477496635
0.229063292
0.447400309
0.231395446
0.127484183
0.018819232
0.350074029
0.204015942
0.255950111
0.31204489
0.375151082
0.276052454
0.311494604
0.193543985
0.055365323
0.310580267
0.109329172
-0.039122739
0.090313797
0.282383099
-0.02283578
0.184881839
0.090124422
-0.001935025
-0.035201682
0.080279315
0.04145162
0.049249185
0.141109486
0.196761056
0.053776177
0.140483096
0.031024787
0.101822887
-0.111242319
0.187129687
0.053101517
-0.072381078
0.023107973
0.323567689
0.080818382
0.101546951
0.086617763
0.237388507
-0.019960032
0.46785648
0.050342398
0.024399566
0.079150135
0.03268771
0.030804225
0.016268714
0.311457353
0.135193298
0.169002454
0.476211315
0.211553442
0.037725411
0.383671967
0.478534
0.100238049
0.365223452
0.2848247
0.198819101
-0.047413745
0.49306384
0.130292438
0.126229217
0.242895202
0.335448457
0.157162276
0.280501156
0.401144278
0.299190493
0.337677274
0.666915263
0.382028727
0.122306204
0.454572765
0.663636495
0.307790861
0.554000589
0.407483814
0.10271598
-0.077296268
0.481246673
0.296659655
0.31694373
0.410765569
0.490238718
0.097773076
0.380601447
0.92288846
0.880550563
0.918835843
0.970393346
0.8914804
0.748332085
0.928828552
0.931041548
0.899358354
0.923264805
0.892955389
0.845992125
0.134635467
0.918928274
0.88965946
0.926430591
0.921634187
0.933453879
0.860381938
0.911577078
0.169267078
0.138045066
0.150702112
0.38591152
0.168235565
0.098138207
0.191889381
0.37362897
0.130448596
0.27560132
0.326277967
0.112908918
0.003828849
0.312056655
0.066671695
0.145119282
0.251703815
0.263116137
0.078644346
0.292895156
0.354454543
0.305803914
0.18093569
0.615112195
0.257257074
0.056872328
0.217109466
0.448175473
0.155458542
0.480742276
0.2987668
0.120324438
-0.054514989
0.312773943
0.121363073
0.267715666
0.23201708
0.360396782
0.157584406
0.254742943
0.311140002
0.03051833
0.028395765
0.257111931
0.135104691
-0.013403337
0.016411057
0.156663624
0.102137418
0.207459848
0.178823679
-0.005437507
0.008391661
0.1301347
0.094850097
0.092955775
0.095158572
0.176704037
0.051355479
0.13873428
-0.044735633
-0.058400241
-0.035212657
0.01380098
-0.091059159
-0.053547062
0.034579476
0.073451241
0.185739146
-0.183405204
0.007022106
-0.070624619
0.009736902
-0.081121561
0.073657096
-0.048003987
-0.060474405
0.007607424
-0.018263485
0.394575969
0.268815646
0.287813125
0.607131335
0.394898864
0.060760147
0.424055099
0.566944335
0.286964152
0.502661208
0.363116681
0.144001495
-0.032999774
0.660266901
0.180163461
0.289364421
0.367310944
0.478887311
0.221007185
0.384534248
0.444716045
0.358006905
0.415387751
0.676281136
0.455862677
0.107798071
0.390100412
0.652435904
0.316765116
0.634511919
0.488595639
0.211722739
-0.045862804
0.511958737
0.282238602
0.290707621
0.415755867
0.565517117
0.302588752
0.504709347
0.250711276
0.119913817
0.468515058
0.450376925
0.201127679
0.05356567
0.198750364
0.343583811
0.217520314
0.324067462
0.26935836
0.110613887
0.030247422
0.247409362
0.072030024
0.210511726
0.177152839
0.320346775
0.084634387
0.219440921
0.290511725
0.229133493
0.18338676
0.469478565
0.272688263
0.059771647
0.204024094
0.422532584
0.176167
0.397712034
0.301567744
0.134118885
-0.036672987
0.349593973
0.089552464
0.15594897
0.216308805
0.402820597
0.17250432
0.311787307
0.352706405
0.268835805
0.245389482
0.607074787
0.325081688
0.091733746
0.28908375
0.534324363
0.273159646
0.482211937
0.354044843
0.205622895
-0.018622279
0.38443976
0.13293451
0.22631811
0.333280522
0.436142905
0.187629643
0.329005916
0.301758255
0.163502181
0.176446161
0.481616301
0.203927445
0.123469631
0.156399205
0.332867671
0.164012934
0.401345192
0.194971508
0.187963989
0.277440114
0.124295492
0.107199945
0.234729433
0.278236299
0.010827219
0.352557511
0.297287868
0.380050057
0.137382929
0.52192355
0.26694439
0.1485242
0.265354567
0.441846701
0.195162495
0.380184617
0.288025504
0.121050689
-0.044301868
0.411352583
0.179957459
0.24229056
0.269520403
0.421722485
0.104947696
0.243399721
0.317470522
0.218152453
0.227011313
0.561461986
0.373370534
0.083906313
0.332622597
0.558175611
0.212318972
0.466776691
0.307432026
0.078337526
-0.042716626
0.352445274
0.12159004
0.191333339
0.310088787
0.40935143
0.11227208
0.356523527
0.191503549
0.244883203
0.17520022
0.42049204
0.206908171
0.050439165
0.211587303
0.333930034
0.119936656
0.321424737
0.213655545
0.35813666
-0.01130324
0.313478939
0.08024702
0.098992881
0.128344219
0.373800056
0.03776511
0.16856277
-0.006668964
0.143015768
-0.121772408
0.078529145
0.10784467
-0.092280104
0.018688589
0.114515721
0.022410173
0.004833575
-0.030499651
0.016141358
0.014911996
0.076734849
0.006210673
-0.011325543
0.054898645
0.01705766
-0.030283721
0.058523771
0.288392569
0.218927139
0.160023776
0.544302565
0.325466118
0.090260864
0.215324612
0.434271658
0.173927962
0.410256088
0.319316919
0.069304754
-0.044139946
0.333176008
0.259686911
0.143910994
0.283135501
0.340046818
0.097209658
0.281875187
0.227701339
0.03642375
0.121327399
0.204659724
0.143476387
0.094413804
0.083302208
0.183373551
0.088119425
0.311663293
0.079834652
-0.015907227
0.010824943
0.078433858
0.039699841
0.08141373
0.249113118
0.180516375
0.009601019
0.085621686
0.115676008
0.138537018
0.023176476
0.110698034
0.090404553
0.037900442
0.114168111
0.101406306
-0.010420362
0.129154532
0.084520365
0.061051068
0.044583414
0.001410792
0.002332898
0.002812332
0.042082313
0.034977836
0.076189713
0.059232356
0.24021063
0.1518813
0.163339267
0.363568236
0.184518741
-0.002652853
0.176929434
0.323536781
0.173515245
0.325125906
0.242130726
0.077701959
0.049627098
0.266206648
0.05528249
0.138792558
0.240283053
0.284783584
0.075189865
0.244988841
0.385755557
0.301325334
0.257535495
0.655317103
0.380532756
0.016974548
0.328704032
0.587590146
0.242074041
0.556961524
0.373215207
0.296194439
-0.002930795
0.435360667
0.227622616
0.250559938
0.423685511
0.484697413
0.317786984
0.376533673
0.87952471
0.856314363
0.833793782
0.942867188
0.846096836
0.649831186
0.856184995
0.876038243
0.822322652
0.89276283
0.844582804
0.763951476
0.052709893
0.887581199
0.815121509
0.858637556
0.870246839
0.89075846
0.830496222
0.836513736
0.139684433
0.142562971
0.203080003
0.358784223
0.158990256
0.055244747
0.157845805
0.304599942
0.124419743
0.268479384
0.188430165
0.15843205
0.153475036
0.216127233
0.132624406
0.103422706
0.369258624
0.231298804
0.053924008
0.145458336
0.288200227
0.207325805
0.179860258
0.450069099
0.265386409
0.045963971
0.335230537
0.404599381
0.176048957
0.385548517
0.290418275
0.057607908
0.028852974
0.264306727
0.102667568
0.175746144
0.252594009
0.339165519
0.125232076
0.258508279
0.112808789
-0.000534342
0.027919309
0.174616423
0.107513744
-0.108025634
0.018990818
0.28022413
0.117005627
0.134926084
0.230905771
0.010595406
-0.016082941
0.155600938
0.074345301
0.076307464
0.048598332
0.142035342
0.238732805
0.050356368
0.044900996
0.041346829
-0.036768375
0.305787607
-0.06914988
-0.088755247
0.291502629
-0.019471214
0.012858542
0.000579998
-0.052315256
0.293380624
-0.045304405
-0.025792415
-0.005448886
-0.017140645
-0.024293022
-0.005972556
0.002371716
0.24238755
0.331999709
0.126157978
0.489793912
0.268526021
0.122406961
0.207665213
0.431825426
0.179190883
0.40551351
0.292263177
0.145183433
-0.030219448
0.410618698
0.080031869
0.187972576
0.24965233
0.372100995
0.158168155
0.319887868
0.367634339
0.272793547
0.240330715
0.639720361
0.359896183
0.099681983
0.330516381
0.56982675
0.235104553
0.523776955
0.379373634
0.166514425
-0.004517588
0.439933197
0.169648237
0.265865754
0.343027552
0.458189573
0.256540981
0.362736791
0.14030082
0.103176164
0.097722913
0.338212567
0.168911687
0.017867321
0.310379104
0.29322143
0.068489225
0.288740155
0.269363362
0.070718614
0.128767612
0.190009514
0.051604924
0.097867871
0.171297618
0.36692416
0.094397488
0.365799833
0.157645594
0.145167568
0.147934746
0.408977671
0.162293852
0.214980038
0.224586303
0.336295743
0.132430176
0.331045161
0.245243068
0.062573026
-0.007599907
0.266126232
0.103739986
0.121594265
0.372812709
0.262557255
0.076442928
0.243519778
0.381174846
0.35577752
0.240096571
0.601455164
0.364585986
0.142737247
0.281740442
0.595991745
0.302567598
0.491677253
0.414931667
0.121993546
-0.007689147
0.365638354
0.226161555
0.224149391
0.353523
0.427171901
0.369811676
0.327417639
0.143730241
0.119476036
0.067400427
0.311595029
0.223658627
0.129050458
0.106749789
0.230835938
0.058766618
0.241883999
0.174546923
0.018489524
0.035662851
0.168256284
0.175285151
0.176518813
0.100797264
0.188975273
0.011082436
0.112707687
0.237793678
0.270545434
0.152646771
0.44787955
0.268507911
0.01954448
0.151877058
0.39049215
0.086777999
0.352805817
0.235920783
0.079879574
-0.002980702
0.301936932
0.121167335
0.269409569
0.244789635
0.333842686
0.062876849
0.263337964
0.488039043
0.426071551
0.267902222
0.73061103
0.429071077
0.11473123
0.38231286
0.702814316
0.2926053
0.663013097
0.514418148
0.184931096
-0.020634005
0.51786451
0.298843556
0.300513353
0.416197548
0.582044477
0.262812197
0.452281479
0.260103919
0.148553784
0.140979182
0.519965616
0.301430272
0.027904403
0.264315558
0.454117851
0.116150605
0.399221558
0.251854614
0.114505398
0.286326834
0.145474789
0.172588103
0.301028952
0.464799133
0.181010799
0.255982502
0.076566961
0.104108103
0.151248926
0.076175875
0.006602949
0.129344797
0.195546862
-0.011065195
0.147282088
0.001470716
-0.089150026
-0.081479546
0.078889323
0.071659926
0.078069262
0.146549505
-0.023965214
0.161313702
0.359960932
0.256475567
0.197886945
0.570975901
0.332598163
-0.0020766
0.24612749
0.540491228
0.168084315
0.51002458
0.360323754
0.068239977
-0.019778832
0.404672469
0.366138582
0.212138638
0.316222759
0.468178851
0.184348547
0.433826104
0.235572889
-0.029273808
0.432005341
0.195211233
-0.005244322
0.075989163
0.345134052
0.041140498
0.340214754
0.156648584
0.041342977
-0.106482558
0.270059957
0.056859215
0.168802352
0.213468548
0.347089398
0.135005065
0.201326401
0.023456658
0.029912386
-0.020780405
0.152227219
0.068016187
0.085235691
0.143632497
0.082589879
0.062428152
0.123137253
0.11099057
0.112615704
0.46054685
-0.05488795
0.036846906
0.016761117
0.103137227
0.11256929
0.026313505
0.317730314
0.237599776
0.097146152
0.569566388
0.309156301
0.099457431
0.261218679
0.510935055
0.185951658
0.553977184
0.36617177
0.120894581
0.354801058
0.135441052
0.302025162
0.418614943
0.425031875
0.183148346
0.281803607
0.494957286
0.502297194
0.390246983
0.802581069
0.48411689
0.101273634
0.43065472
0.713054006
0.525013417
0.672545639
0.528870851
0.312687821
-0.04044908
0.561044371
0.248260638
0.361933628
0.498502999
0.599727461
0.315133309
0.514295309
0.935155337
0.929013856
0.98036231
0.89727231
0.798040515
0.921058374
0.941710165
0.924672038
0.929876396
0.907358219
0.870809929
0.026050064
0.93143125
0.915194139
0.91118718
0.938025815
0.927521609
0.902800463
0.925804847
0.299502823
0.214637312
0.194457695
0.506935205
0.222581938
0.05610697
0.236882861
0.461722926
0.219313635
0.394884864
0.296919361
0.069952291
0.027769548
0.333404634
0.086543743
0.173154655
0.268279893
0.346460421
0.147690973
0.267945027
0.408289021
0.267084878
0.242387223
0.634456893
0.312077631
0.220832228
0.313872584
0.555673735
0.270787095
0.533116272
0.360308634
0.292387228
0.040786874
0.422727805
0.208936603
0.263016496
0.407555634
0.445847494
0.293035584
0.444881134
0.198922025
0.025491989
0.161277359
0.303647071
0.134922052
0.02657753
0.107725115
0.313655947
0.070635437
0.331897576
0.120100186
0.120363609
0.073900339
0.205134653
0.119451862
0.078433731
0.086684531
0.220851011
0.042902534
0.072584632
0.291190698
-0.026025905
0.023036551
0.008527572
-0.063385989
0.001741895
0.052766489
0.061446795
0.023342301
-0.071907746
0.031706962
0.024358706
0.061739133
0.09380123
-0.002439514
0.000816777
0.076476603
-0.033435769
0.46785753
0.386037554
0.308033209
0.698315711
0.423664187
0.545954578
0.409576661
0.68642653
0.275510088
0.661672582
0.491040568
0.214557518
0.008687067
0.591487968
0.281572107
0.297091118
0.442145422
0.621873641
0.27428472
0.497676275
0.562415982
0.441866161
0.3825264
0.79036879
0.532437667
0.176423353
0.534261451
0.795179926
0.389191018
0.723990507
0.611641633
0.309934797
-0.060859039
0.670326226
0.295411906
0.383385465
0.51797603
0.681241275
0.317036759
0.541040859
0.294306768
0.223786358
0.239708027
0.515142638
0.298456272
0.041905421
0.260273766
0.458708005
0.178598355
0.44769041
0.288237835
0.13850069
-0.01903791
0.323182434
0.120640823
0.18484267
0.32485043
0.41236772
0.144119733
0.257130126
0.283680353
0.259045363
0.205673435
0.60151821
0.325740482
0.144239774
0.302364296
0.538603234
0.233430347
0.508145413
0.370694841
0.116794292
0.031595916
0.385585879
0.16261173
0.195386265
0.38545619
0.433089959
0.17001285
0.347361284
0.458082346
0.360656589
0.328040596
0.728900892
0.430959771
0.165453169
0.432110704
0.67047108
0.299185524
0.636556726
0.461431093
0.247623397
-0.076114302
0.521385943
0.244088526
0.303597089
0.479384884
0.550546966
0.299108246
0.446420237
0.299773068
0.270409297
0.197949999
0.507641199
0.21858863
0.114448363
0.231635569
0.49803767
0.143405337
0.41436733
0.330760079
0.138022081
-0.081495879
0.15245065
0.231796399
0.311320769
0.414061055
0.380246794
0.317671297
0.282728699
0.16656528
0.647204773
0.324582333
0.060994005
0.346449414
0.627124625
0.243052972
0.530167418
0.432597974
0.1430562
0.0515399
0.513379621
0.245924789
0.304882341
0.336715111
0.474104691
0.225623611
0.401667062
0.563862458
0.451097243
0.370643248
0.812738829
0.54559744
0.096031969
0.502808184
0.740894895
0.384396245
0.721011173
0.569727434
0.260153144
-0.061872722
0.645072746
0.375990469
0.397977208
0.565361526
0.680948589
0.283650076
0.554329222
0.35959558
0.441926672
0.21794073
0.636711887
0.317555621
-0.066699287
0.235258336
0.548418345
0.215483346
0.520102143
0.362119198
0.11117042
-0.073462277
0.421904823
0.210591814
0.165600176
0.329956629
0.458048388
0.237681245
0.367841438
0.114632124
0.048705571
0.080180529
0.27279589
0.035779048
0.230799637
0.102228865
0.164811383
0.044839077
0.184598038
0.114389086
-0.106415386
-0.016581568
0.136313787
-0.030742603
0.059343518
0.12747595
0.240149054
0.07942853
0.017297016
0.439350299
0.321652272
0.287902119
0.735922015
0.449200199
0.065801149
0.349729833
0.630974609
0.296346077
0.612559756
0.450357652
0.158154937
-0.059174738
0.475650126
0.20750303
0.352683711
0.420013004
0.535173674
0.255013113
0.462843489
0.185726279
0.136355754
0.118117295
0.113816158
0.187032837
0.183300176
0.3631499
0.158972582
0.3110281
0.187334936
0.056069943
-0.072425091
0.207770098
0.11432501
0.179508836
0.153711382
0.297982355
0.15916702
0.184091733
0.110254278
0.060197516
0.106694087
0.233573343
0.071207021
0.204025194
0.101490402
0.169155462
0.082800176
0.176729863
0.077856966
-0.012954436
-0.005599583
0.099340561
0.04416423
0.15234114
0.061274971
0.144706512
-0.001593332
0.068079479
0.47530119
0.415236616
0.352789195
0.681204871
0.394460621
0.119761953
0.343375805
0.597074113
0.397169767
0.630856807
0.477165196
0.158627997
-0.053438477
0.48713044
0.18683664
0.329734081
0.440270074
0.551631412
0.199667168
0.390102936
0.53095037
0.456012688
0.42181152
0.780030374
0.499268761
0.155143358
0.559163877
0.748770626
0.378508856
0.696386701
0.584109127
0.337512144
0.076221168
0.597458267
0.306279494
0.381785016
0.55031642
0.653877119
0.250470761
0.501018688
0.924195899
0.909230511
0.906019298
0.986351048
0.904929658
0.852891903
0.944850865
0.94137014
0.923202726
0.942429596
0.907899314
0.885806731
0.258598368
0.943947784
0.922392665
0.921910194
0.937827269
0.918764531
0.911200101
0.903176213
0.353612039
0.237921529
0.323470751
0.578827811
0.273113857
0.083332339
0.274732083
0.459402319
0.172001583
0.399770686
0.3025937
0.140534997
-0.035308139
0.339485691
0.158643572
0.283467104
0.308474077
0.370845821
0.197702402
0.279794203
0.413375146
0.493064639
0.270018222
0.698719596
0.408444703
0.033788395
0.392265543
0.604731806
0.305093399
0.572297744
0.439349639
0.266606713
0.027197648
0.483671078
0.248668035
0.30859122
0.449813889
0.52523029
0.181288039
0.354444126
0.369570017
0.195547588
0.133821764
0.399068885
0.397796192
0.004740649
0.198486012
0.334854256
0.108544501
0.2992041
0.19065543
0.092692356
-0.051481069
0.234369067
0.097665532
0.129631361
0.201614059
0.232944232
0.102700229
0.163394259
-0.034202514
0.014203773
-0.105932393
0.036461548
-0.035818494
-0.171276995
0.043370346
-0.001372697
0.025195297
-0.009427321
0.028563552
-0.025459415
-0.042090515
-0.024388511
-0.010690415
0.034122004
-0.061172071
-0.064948337
-0.034613106
0.053042008
0.574815657
0.496788167
0.429198685
0.787869988
0.526326186
0.072913882
0.46613762
0.773632495
0.360685344
0.735997429
0.622348005
0.271776119
0.027670543
0.637144467
0.365058396
0.413404016
0.57558876
0.686660185
0.380759769
0.565183142
0.645691108
0.518502174
0.476173638
0.85046583
0.602150548
0.204322898
0.577225837
0.773989068
0.431818796
0.778609993
0.644526639
0.2849884
0.04296272
0.693611359
0.35528827
0.44994622
0.615135006
0.750296803
0.359212242
0.619883015
0.362849323
0.274337718
0.310684771
0.613059604
0.331320002
0.010923224
0.312473315
0.566398019
0.2445086
0.52795036
0.388142797
0.101882127
0.128402061
0.388647645
0.196150038
0.230159789
0.347784282
0.467602653
0.154548425
0.342889551
0.415235165
0.320201678
0.261330897
0.657872982
0.437444072
0.080416764
0.361687279
0.613082053
0.331084683
0.552153587
0.433288183
0.153590853
-0.010949502
0.47117017
0.217807436
0.250353602
0.391907298
0.482624631
0.166319234
0.358493122
0.509645943
0.380704544
0.339582108
0.765738055
0.466139209
0.112016285
0.470351597
0.696830462
0.317809289
0.657845085
0.528913636
0.368130555
0.018059182
0.545594839
0.29338116
0.386055051
0.512672134
0.603205138
0.291566273
0.540890729
0.267736986
0.148150219
0.134615941
0.543922563
0.19832053
0.077172403
0.19197148
0.40830104
0.032374869
0.383847962
0.294553682
0.175808196
-0.07566881
0.295576655
0.52760456
0.167080893
0.235481911
0.351472454
0.086822982
0.239539583
0.444242634
0.352508443
0.295488877
0.707950152
0.409436662
0.076298247
0.386651879
0.673782547
0.324470831
0.589083862
0.482455732
0.187662795
-0.01453231
0.489635417
0.307119976
0.344958865
0.427218173
0.560814264
0.296886304
0.455316738
0.39549745
0.31938436
0.275619869
0.633370216
0.375196982
0.126717348
0.374237312
0.590899825
0.290651232
0.591253905
0.398917322
0.158314765
-0.063359617
0.45489151
0.180338055
0.274095191
0.375238802
0.528805615
0.263807168
0.405384069
0.222561947
0.148334514
0.199182209
0.436819552
0.206869998
0.087263218
0.1182288
0.452056052
0.012708522
0.319132627
0.239768395
0.033073032
-0.044866268
0.229353112
0.231224658
0.113881518
0.10542603
0.239517971
0.093149876
0.218852992
0.286363069
0.128509328
-0.037629618
0.300729611
0.030972725
0.102850409
-0.036384192
0.106696274
0.008648216
0.132530877
-0.021636679
-0.041988495
0.026228546
0.06601959
0.034724781
0.315078059
0.109415734
0.357561994
0.084803992
0.097864633
0.385411624
0.240936811
0.222355103
0.601215399
0.346146711
0.051017677
0.29373849
0.565322752
0.282760257
0.495775109
0.418721935
0.152206822
0.375755468
0.133318562
0.500761628
0.343014565
0.417615235
0.119255198
0.345474325
0.144185355
0.128871024
0.085290583
0.282505186
0.111463854
0.015571901
0.14766321
0.221358074
0.102883095
0.240767352
0.214307723
0.032325565
-0.142993558
0.456874093
0.016610739
0.07325195
0.13381673
0.155579874
-0.003254938
0.069195738
0.169893386
0.016172131
-0.000131121
0.164588846
0.06915004
0.00474806
0.088337771
0.150011442
0.071411326
0.107949742
0.11311639
-0.009376983
-0.030073645
0.135199338
0.194313182
0.079785847
0.011543899
0.122520534
0.04876884
0.081442695
0.24329627
0.185357842
0.241510741
0.474813337
0.301150247
0.085072816
0.27240901
0.366219205
0.084858426
0.362455705
0.215197282
0.11733712
-0.067085725
0.441847015
0.117429751
0.132386186
0.272744063
0.364264969
0.079304596
0.395436163
0.402257639
0.33496734
0.305318471
0.66519822
0.41244737
0.011709189
0.382783881
0.619898531
0.272731912
0.589816073
0.39955763
0.182550654
0.015114329
0.450486233
0.205838918
0.290721743
0.474663233
0.50289785
0.246743797
0.381296227
0.863903323
0.821083237
0.819331955
0.90314629
0.819603933
0.691164113
0.840767702
0.860544463
0.817961442
0.867033946
0.823263616
0.765741392
0.140149605
0.886337621
0.823350687
0.858184618
0.891679386
0.871382687
0.764823954
0.817259664
0.234445376
0.321099576
0.127156932
0.382651212
0.268634158
0.089962293
0.233359802
0.349973632
0.235967246
0.344631472
0.224749738
0.184104409
-0.017425389
0.284872706
0.169637811
0.118114133
0.217970168
0.256276307
0.104136857
0.181479993
0.248387131
0.253850911
0.248799463
0.505032976
0.255353396
0.01119183
0.22447764
0.430220877
0.216164382
0.425344715
0.259962046
0.05330448
0.017128714
0.347099087
0.16571476
0.20398703
0.276246514
0.393599746
0.386391982
0.261691723
0.158704514
0.089221696
0.142825085
0.257835195
0.135635729
-0.05047959
0.100641953
0.265745471
0.349949043
0.226013976
0.107839039
0.012118911
-0.063343534
0.151262626
0.107506658
0.055554469
0.093392618
0.170193914
0.01491125
0.151604331
0.018579013
-0.118969268
0.459432432
-0.028494032
0.04396729
-0.056155578
0.014018039
-0.01585742
-0.051083856
-0.045751354
-0.107199584
-0.1227239
-0.065594825
-0.021378011
-0.017475115
-0.088662131
0.016173012
-0.048945398
-0.023422679
0.361246125
0.31298426
0.205559671
0.617554164
0.426755931
0.105219255
0.360819978
0.579218327
0.297232797
0.529709111
0.419380152
0.498200258
0.005026906
0.420294011
0.149766394
0.227700821
0.3579254
0.45389545
0.114694277
0.335467322
0.460693216
0.389240601
0.289306109
0.661144849
0.40523959
0.101940767
0.335443348
0.574940794
0.239711391
0.571397874
0.413358818
0.161083074
0.034613523
0.405868206
0.297445348
0.334649636
0.382340803
0.528533424
0.192303681
0.366648664
0.23622342
0.252313352
0.158033021
0.42470576
0.245134799
0.018539496
0.326345763
0.377797815
0.114011888
0.362531929
0.213660096
0.081951754
-0.002856093
0.281949324
0.215297468
0.1116203
0.21263607
0.326640354
0.083271361
0.25275938
0.289867817
0.196729397
0.292673183
0.476051784
0.236620187
0.051221828
0.343801076
0.412584334
0.16350435
0.486615406
0.271195275
0.185759442
-0.004142128
0.301657874
0.12040962
0.171153594
0.257154596
0.333508671
0.166099664
0.291781205
0.390663563
0.332938332
0.309287522
0.640164417
0.349893858
0.123721521
0.432508231
0.61397768
0.278823461
0.533246794
0.411306755
0.192106133
-0.042958188
0.41922551
0.184847123
0.260172712
0.36238897
0.483764845
0.222463516
0.48942123
0.09795758
0.132855123
0.379965499
0.173172615
0.163966472
0.179000694
0.255925884
0.072439396
0.427036395
0.161182908
0.119541816
-0.034555171
0.16489946
0.016050749
0.41383781
0.123497797
0.24806566
0.094078289
0.162070068
0.273439319
0.240819303
0.539474998
0.295458865
0.061431087
0.278032895
0.486011505
0.254237507
0.451477137
0.297398992
0.086355704
-0.104758632
0.306313755
0.127611529
0.192339245
0.302707702
0.385263555
0.135095937
0.298911282
0.550287226
0.418947649
0.372549947
0.795771541
0.493680566
0.191081355
0.475438456
0.760833586
0.401393074
0.708619724
0.547269553
0.237355719
-0.019046275
0.622961882
0.307465004
0.374668547
0.527213585
0.66098989
0.351549651
0.54583589
0.39490945
0.266998079
0.266893215
0.710896953
0.361538398
0.073368277
0.349698168
0.604943391
0.236661509
0.551029607
0.390732925
0.403914013
0.172125858
0.447221774
0.208303111
0.29709031
0.398383973
0.522523079
0.19024819
0.357481981
0.126176667
0.088837974
0.074808897
0.276113702
0.196292744
0.060530245
0.137233499
0.168432255
0.098230367
0.176544054
0.05057132
0.073109586
-0.027159056
0.331713434
0.152888848
0.169106031
0.11751661
0.169415591
0.082141169
0.18852536
0.47935266
0.401691258
0.334274066
0.794883164
0.475573031
0.002441562
0.407706716
0.711219456
0.435693974
0.672043515
0.511191535
0.202047616
-0.083825995
0.550712118
0.256277696
0.335650831
0.440677637
0.607436625
0.278096103
0.485213375
0.213952303
0.236837129
0.097375568
0.400994022
0.147708897
-0.00622034
0.165637625
0.296504676
0.075886326
0.275945331
0.23983868
0.044683925
-0.021377659
0.202896621
0.105537238
0.172162005
0.277392153
0.267421021
0.103008141
0.137333332
0.11739803
0.069086053
0.123092498
0.244768401
0.075711909
-0.051041614
0.071927255
0.167479792
0.05305193
0.175883098
0.084111812
0.045680212
-0.147459409
0.153203432
0.068376351
0.04630645
0.137103939
0.200298851
0.054645137
0.131271392
0.378728341
0.313789949
0.251297267
0.66109029
0.361406168
0.106750475
0.346815038
0.616469601
0.351098991
0.578484004
0.457354039
0.234203494
0.163328305
0.462817961
0.289098828
0.319470328
0.373187426
0.513781725
0.158754384
0.366438696
0.590895808
0.504347222
0.426061163
0.821831893
0.527374066
0.141089112
0.534451388
0.769110721
0.442313211
0.727664018
0.605073148
0.292927022
0.070401946
0.685666685
0.335727745
0.421338083
0.58472836
0.711401281
0.284471359
0.569362698
0.945793526
0.929615697
0.948683609
0.996424675
0.920210149
0.854245584
0.944647743
0.951816656
0.932675156
0.94644014
0.921627438
0.914745771
0.191704349
0.953893454
0.936595471
0.940891338
0.935706489
0.950033423
0.906361433
0.926873227
0.309170813
0.204959454
0.215345847
0.541816935
0.268149579
0.043940788
0.326987648
0.428885366
0.206848652
0.407536161
0.330886981
0.120807014
-0.038939248
0.44989735
0.15062866
0.216368147
0.345916239
0.382729514
0.107557022
0.283945327
0.407847106
0.383316303
0.320763467
0.687498858
0.41585002
0.04129188
0.432888512
0.608613155
0.304395712
0.549042594
0.435017254
0.159074387
-0.019305021
0.473066778
0.281203029
0.279262864
0.400774224
0.519262128
0.111111125
0.379473022
0.199265646
0.184699519
0.115971685
0.438649186
0.171295791
0.12255885
0.158981148
0.32525442
0.140438931
0.301949481
0.218743321
0.103539047
-0.039914205
0.245107465
0.136158398
0.11751204
0.22375459
0.279352172
0.097496655
0.225349404
-0.159821879
0.063305254
0.009221589
0.008699987
0.026050026
0.047391675
-0.027958627
0.018358466
-0.035081072
0.056368619
0.062223717
-0.019183883
0.047716538
-0.052575118
0.282737209
-0.023992805
-0.036123362
0.053885194
-0.041944624
-0.005010151
0.560751027
0.443400432
0.393338367
0.767003502
0.504833714
0.084480121
0.451767919
0.74763079
0.419398445
0.694752985
0.613502383
0.237002966
0.119913189
0.610650846
0.298737269
0.364329982
0.529141414
0.664523456
0.299455146
0.531860013
0.638489342
0.508626963
0.435234002
0.822964674
0.617674199
0.173109531
0.578492887
0.796448915
0.484508182
0.775064226
0.659262962
0.30781892
-0.007593241
0.679616941
0.382752547
0.446575874
0.613322744
0.73093682
0.364637854
0.609086117
0.367697136
0.269466548
0.233664255
0.612313041
0.31547362
0.038336938
0.365318048
0.556575849
0.23100744
0.517521373
0.358323008
0.149204671
0.02752521
0.40740756
0.202467091
0.242449023
0.335889758
0.458258853
0.166260454
0.352321719
0.440255723
0.377208118
0.275651774
0.673292976
0.42025952
0.106971276
0.348310685
0.652808298
0.285929693
0.588588932
0.451216779
0.220805591
0.045245825
0.485384611
0.248551149
0.321215696
0.42607564
0.52724511
0.220695818
0.434189781
0.574158741
0.433194307
0.382841881
0.831717519
0.502086882
0.114586787
0.487234931
0.75014764
0.402095804
0.700320016
0.581924014
0.274182038
0.03069066
0.614168271
0.337610857
0.396761244
0.54410342
0.678807679
0.267617059
0.532449474
0.328602359
0.176723901
0.197567807
0.54493921
0.264575031
0.192040543
0.282269579
0.489015706
0.218499781
0.477007454
0.286093069
0.099744907
-0.018550297
0.315362997
0.105490266
0.185023073
0.351375895
0.403538288
0.130298964
0.238524078
0.497502041
0.301674636
0.291593213
0.730798638
0.38240313
0.134444698
0.366894815
0.654601553
0.323056528
0.623626104
0.438749096
0.186954831
-0.048462202
0.484256016
0.185807753
0.304703905
0.4052604
0.576904335
0.321197091
0.417755702
0.566210454
0.456271282
0.402284765
0.809449224
0.546853275
0.097063687
0.522594555
0.78391881
0.39432239
0.738131608
0.585156183
0.268555589
-0.047758673
0.642037735
0.295328683
0.374360218
0.546699212
0.706689824
0.334550164
0.564123422
0.421658731
0.352036311
0.315392644
0.72916455
0.357143811
0.053654025
0.414393043
0.654746446
0.276017466
0.599515316
0.473589568
0.134691634
0.056039595
0.471500328
0.145026899
0.28599794
0.407358134
0.533890485
0.171402401
0.398424406
0.081307192
0.168804171
0.034190319
0.317732031
0.088523014
0.115130266
0.113531166
0.226499823
0.008589538
0.185256222
0.106612466
0.081336645
0.131398327
0.12144076
0.386511113
0.045775847
0.080778627
0.153488669
0.02178661
0.074307636
0.508151466
0.425512834
0.40336059
0.784195301
0.452134357
0.093826815
0.501623849
0.68003499
0.35681955
0.678189396
0.524133747
0.223401469
-0.069490357
0.590589635
0.269285799
0.325604609
0.490588044
0.598242587
0.283615773
0.460131442
0.213374241
0.135598238
0.062604075
0.417271675
0.187031708
0.041310901
0.190345393
0.366959501
0.094605961
0.316436322
0.21396928
-0.015750948
-0.048708474
0.309329673
0.088016323
0.131536177
0.27627247
0.298546778
0.041356821
0.207927925
0.07265538
0.109943117
0.127489008
0.251403271
0.125468918
-0.007252213
0.095822945
0.309374428
0.054277344
0.152260068
0.11116474
0.066254823
0.037736864
0.11018983
0.074532549
0.050221145
0.10171265
0.182035683
0.142817797
0.080977771
0.410837135
0.289854846
0.699343523
0.445261758
0.10942659
0.38840466
0.592204856
0.291393625
0.609677292
0.479150836
0.206681718
0.372372441
0.472775947
0.210144472
0.291055259
0.510770587
0.540957112
0.170897599
0.353141011
0.652785887
0.555363433
0.465887235
0.843549415
0.636988634
0.182797302
0.627812902
0.827328723
0.500019439
0.79227054
0.670254169
0.316455806
-0.033042923
0.744679939
0.436438351
0.527326543
0.647462369
0.761262931
0.344992433
0.638283916
0.911205666
0.896701662
0.917920481
0.961804798
0.91370791
0.82517096
0.907166003
0.923250872
0.88642481
0.927451534
0.877476084
0.921413519
0.252748743
0.915334112
0.888317975
0.917444001
0.921240295
0.921458752
0.896455106
0.899606492
0.316007405
0.250166743
0.240063211
0.593290488
0.319966295
0.077682969
0.338384399
0.494698652
0.235269939
0.46497327
0.370957541
0.157792402
-0.039974375
0.395983529
0.162835833
0.237265037
0.333655112
0.455726792
0.120549669
0.298155333
0.48140498
0.387283517
0.325743239
0.700227561
0.414420427
0.105853712
0.425115011
0.641852879
0.333114894
0.601208269
0.556011451
0.163802583
0.087670483
0.552916391
0.277377422
0.354714893
0.435573162
0.545412894
0.203940961
0.403486777
0.168972441
0.02680878
0.046829972
0.385896267
0.159529679
0.027684651
0.163290001
0.339516918
0.067978247
0.32417883
0.3689348
0.00185674
-0.097060619
0.197019259
0.096958353
0.140040209
0.297345633
0.259745568
0.133813629
0.407483693
0.076543412
-0.038467698
0.090039726
0.073646614
0.013511092
0.005015628
0.22537173
-0.026583311
-0.128925028
0.004702095
0.055388854
-0.033315334
-0.085531296
-0.150332697
0.044686613
-0.019152559
-0.088380262
0.056939403
0.038560777
0.012360269
0.557982947
0.439549242
0.398583413
0.784544867
0.571276689
0.184953455
0.503166081
0.779280087
0.376809095
0.706353983
0.561928126
0.23053595
-0.04786525
0.612548834
0.4158904
0.456314569
0.53652376
0.673590162
0.350952528
0.547621883
0.636604541
0.545916673
0.452149184
0.840077648
0.618443017
0.230909522
0.564977452
0.774860175
0.480778863
0.774576333
0.645846165
0.340524759
-0.057428845
0.672283557
0.395060727
0.475819589
0.606563748
0.721057222
0.44752619
0.6331487
0.358112726
0.253113176
0.207095484
0.640988074
0.351537421
0.063704582
0.319329195
0.580919645
0.261112627
0.540312326
0.375831719
0.129986869
-0.03231663
0.388187331
0.298028513
0.242708777
0.361239063
0.452798857
0.227191192
0.390052124
0.558470294
0.301268383
0.29180888
0.719862165
0.404893029
0.077458258
0.333816374
0.646959958
0.343341634
0.582867424
0.432368822
0.211175194
0.027349247
0.522204658
0.188265289
0.301297561
0.438150428
0.505683282
0.180179467
0.462025064
0.611316259
0.52173488
0.447172144
0.832599734
0.535365765
0.198227115
0.542363939
0.784576137
0.43938494
0.751961195
0.611978411
0.284675745
-0.020343814
0.668687585
0.346807171
0.483376383
0.581164239
0.705305824
0.326999144
0.606027988
0.327517669
0.265815368
0.387508452
0.624624063
0.313176207
0.395104647
0.30485859
0.542877163
0.599309997
0.474450318
0.414282208
0.141531189
-0.007520454
0.414100468
0.138462956
0.251199434
0.300703171
0.44712473
0.124202338
0.353419854
0.495554839
0.362368766
0.373394295
0.743638469
0.421379818
0.104949054
0.414875168
0.66429827
0.334123466
0.649769702
0.472253243
0.214947195
-0.034351004
0.562467845
0.2680932
0.345379373
0.459461424
0.638940752
0.396431066
0.437887507
0.630472561
0.514498059
0.853172675
0.633207794
0.141939629
0.580318534
0.812793214
0.440076946
0.79447119
0.646118111
0.310046355
0.013728395
0.701387131
0.358914133
0.447536609
0.599008149
0.7384097
0.533279969
0.628683982
0.384827978
0.308174196
0.277055342
0.715399323
0.366467909
0.057360511
0.371221379
0.673920174
0.266153152
0.576895305
0.473761359
0.203761272
-0.134054942
0.453381121
0.264788848
0.262665968
0.39206316
0.53633224
0.218166315
0.399208214
0.18606853
0.284036674
0.328432307
0.051399015
0.156862386
0.165363211
0.214073321
0.063693072
0.202510961
0.171240495
0.076233398
-0.027641682
0.123847225
0.047882266
0.093020455
0.149106577
0.189074172
0.051321666
0.139621663
0.369896139
0.276501835
0.285537349
0.640000406
0.385756071
0.077488155
0.318080999
0.579021172
0.202213649
0.550498867
0.38102953
0.139600505
-0.117464249
0.523349693
0.18153266
0.243073797
0.348675268
0.4506443
0.161124586
0.381199422
0.301884097
0.299247245
0.136456652
0.522992763
0.293162103
0.083341025
0.459572102
0.492848909
0.229697199
0.42187961
0.335018177
0.157506497
0.042972661
0.371266772
0.462684272
0.142599917
0.253401331
0.379082945
0.076109044
0.304402457
0.101925376
0.102883852
0.210572048
0.221982063
0.101557668
-0.006041405
0.106375349
0.212823102
0.044964681
0.177336768
0.176113244
0.086169036
-0.009195397
0.112453487
0.121411117
0.231512498
0.114548049
0.172110016
0.011454447
0.13544851
0.452334361
0.317493069
0.299721722
0.707268657
0.511615293
0.113918268
0.377264922
0.675351332
0.320962882
0.651894662
0.49694555
0.167452494
0.007176058
0.536051555
0.218263731
0.32243954
0.440982862
0.565928063
0.235358857
0.412354474
0.71893106
0.618634643
0.518730044
0.897552837
0.712768559
0.232673869
0.685609803
0.853050093
0.571366426
0.84700027
0.747450863
0.368124951
0.026885363
0.768059071
0.448963636
0.569115596
0.699869195
0.816912172
0.461348468
0.717618098
0.929984277
0.918771764
0.934621878
0.977613856
0.911818599
0.860190687
0.925397377
0.924338135
0.903993896
0.928079953
0.891609125
0.914915113
0.167145495
0.942568541
0.922981578
0.927489315
0.935078088
0.941134687
0.903205478
0.925688449
0.370249488
0.330193454
0.307995947
0.636541498
0.376155347
0.119514557
0.34020447
0.573291221
0.303290956
0.577761051
0.400960604
0.185917133
-0.015212966
0.492718052
0.281900308
0.274922422
0.370208646
0.465432302
0.25826138
0.375356865
0.533926929
0.363270248
0.328218229
0.733690517
0.489834322
0.167919999
0.456583203
0.723265309
0.344345236
0.680049405
0.53861929
0.279466984
-0.165698725
0.571919509
0.304671509
0.405747508
0.474194764
0.642520753
0.335412269
0.505895777
0.188811647
0.27220663
0.065687347
0.396461958
0.16754738
-0.000652957
0.145740053
0.347195047
0.144304507
0.306500598
0.278544393
0.09232059
-0.045577979
0.260343031
0.055820897
0.116043012
0.229494285
0.262448393
0.018564183
0.203013731
0.030701779
-0.036791938
0.061483459
0.067766884
0.007056628
-0.169848368
0.07605304
0.081471681
-0.119042198
-0.012057385
0.038277793
-0.096767821
-0.047894936
-0.087777383
-0.015131796
0.156050146
0.067926279
0.007785546
0.163329365
0.024516884
0.576055454
0.454515514
0.388371846
0.803756873
0.524447495
0.079336193
0.50580798
0.737487221
0.382429361
0.722831803
0.541196203
0.316818445
0.073010921
0.626820197
0.317635789
0.378763053
0.531459022
0.677850254
0.323868295
0.626480023
0.711647163
0.63882527
0.530917128
0.89558888
0.700983864
0.286280226
0.684955735
0.827520599
0.539348278
0.821347426
0.708084927
0.376236065
-0.027827284
0.774112037
0.44781221
0.542125746
0.675572729
0.787551749
0.480143457
0.72204016
0.441157241
0.38138076
0.292226149
0.649268472
0.364835371
0.103160836
0.34881623
0.600554047
0.259962541
0.560559266
0.41241531
0.117286172
0.048112768
0.426751674
0.213857869
0.262264544
0.361064208
0.496299768
0.202693489
0.382384956
0.425779159
0.347724026
0.300885758
0.734672633
0.429746436
0.165136476
0.392006476
0.66639749
0.301227907
0.634229421
0.459316357
0.145293233
0.22154529
0.521658454
0.292080735
0.306930334
0.435017873
0.563847383
0.269459801
0.435253782
0.67704072
0.53004829
0.468448299
0.848001119
0.651468331
0.355797776
0.607451471
0.799998861
0.492480934
0.796056089
0.683216393
0.313483366
0.033508141
0.707473238
0.413019849
0.486112924
0.636615617
0.752234943
0.432079418
0.663377822
0.399112314
0.238716368
0.246105721
0.610614452
0.353314089
0.114219556
0.319449955
0.56863594
0.245649671
0.489283363
0.398737958
0.158582142
0.023967205
0.397472164
0.383416148
0.216435369
0.351801784
0.452845073
0.300764929
0.357929002
0.53899109
0.437903398
0.401430467
0.805354349
0.527744545
0.13293134
0.543895281
0.754162661
0.389991397
0.717595825
0.577192903
0.262818438
0.063508015
0.622787149
0.297540996
0.371066699
0.51446417
0.67115424
0.300077279
0.55164045
-0.021653764
0.033425606
-0.031470523
-0.079802817
-0.064601597
0.149690194
0.070487215
0.022514943
-0.012611405
-0.059707548
0.016563758
-0.015226387
-0.032135186
0.090867074
-0.021914776
-0.061277954
0.025826172
0.047077614
0.368509346
0.098843305
-0.031556293
-0.122235178
0.051920497
-0.063308465
0.005738992
0.027209057
-0.069530047
-0.04767262
0.347706914
-0.100467899
-0.048511831
-0.030913914
0.292697346
0.215115294
0.0419432
0.027277224
-0.0353737
-0.007777064
0.081178284
0.043201294
-0.021298697
0.05773318
-0.051077941
0.062939098
-0.023819187
-0.00971824
0.031225351
0.045150679
-0.070408977
-0.113399721
0.028505085
-0.051329175
-0.072562916
-0.002080159
0.036111607
0.074663784
-0.004144537
0.003785842
0.058573829
0.106759295
0.001020289
-0.027802941
-0.00182674
-0.006396104
0.001523064
-0.024074909
0.246694589
0.049322591
-0.004491404
-0.043667651
0.007923046
-0.052754303
-0.09006129
0.034533264
-0.089325973
-0.024780588
-0.104938145
0.033916697
0.297758088
0.108535999
-0.057404121
0.156104719
0.003053775
0.032562684
0.027864135
0.001738265
0.035718807
0.040875824
0.264130214
0.279444287
0.050336929
-0.002366439
-0.027233164
-0.088672289
-0.073196801
0.005439796
0.13462301
-0.063610028
0.039775254
-0.050003808
0.017081362
-0.024773745
-0.017853803
0.007681306
0.021001406
0.012897234
0.018178622
0.000493718
-0.021349307
-0.052388761
0.271332395
0.033418536
-0.001412128
0.078789574
0.003798411
-0.006289476
-0.030663522
0.009825692
-0.101087713
0.148960267
0.052845795
-0.049082592
0.012907943
-0.00046388
0.018637913
0.070317785
0.003160285
-0.024862738
0.004009675
-0.109260647
-0.040832198
0.08060781
0.084982996
0.314383857
-0.003973373
-0.009923009
0.035420744
0.076784255
0.08622331
0.010494337
-0.049826955
0.005780193
0.029584601
0.080351194
0.483224684
-0.14511522
0.178861367
0.127307575
0.178989543
0.038973235
0.048465425
0.046373799
-0.015422101
0.080228572
0.036638399
-0.017513737
0.031479741
0.044043727
0.034693043
0.001180355
0.044921385
0.013439581
-0.03670624
0.00988463
-0.002106845
-0.017899356
-0.09047488
0.042983038
-0.007491741
-0.011524317
-0.02376953
-0.027127539
-0.025738345
0.025824769
-0.001228957
0.157495009
0.164906895
-0.105147154
-0.048312158
0.008494978
-0.017929528
0.020692845
-0.069574805
-0.005515575
-0.085898219
-0.02901292
-0.036895782
0.03788479
-0.019404226
-0.119814627
0.052804697
-0.026669435
0.013266513
-0.077719407
0.025018222
-0.089130487
-0.035321978
0.083282507
-0.005820075
0.007765989
0.017459205
-0.023118278
0.084980471
0.03719806
0.007125629
-0.048975042
-0.001816661
0.132080783
-0.094467953
-0.024134888
0.066155956
-0.000528628
0.063022475
0.054274814
-0.011923961
-0.005332455
0.063977433
-0.031391474
0.031334834
-0.125375965
0.246898624
-0.093904539
-0.045683411
0.151718518
0.070546373
-0.05891869
-0.048702914
-0.01500404
0.012736089
0.005765903
0.053406049
0.073645976
0.003733501
0.05296662
0.046492641
-0.030994195
-0.099532321
0.083602023
-0.073146979
-0.035189698
0.061763502
0.00922038
-0.075670913
-0.070270434
0.014243182
0.022096654
0.0387569
-0.000442362
0.180944889
-0.044373167
0.353273943
0.068638003
0.023498902
0.318167538
0.074886753
0.048363069
-0.0403083
0.026788302
-0.023048265
0.012624438
0.059066841
0.043793579
0.01930476
-0.023949758
0.003495557
-0.082352773
0.062887931
0.166939854
0.070286612
0.039444951
-0.02227875
0.018219107
0.042307974
0.028470976
0.013310321
0.02774791
-0.044859305
0.027308892
0.028220366
0.010910673
0.019732096
-0.036613724
0.013789865
-0.116011984
0.113289615
-0.036121263
-0.066026008
0.027088831
0.004583761
0.021955739
0.104542847
-0.043514191
-0.022603884
-0.010982572
-0.008884257
0.028582003
-0.039738048
-0.05063062
-0.002976053
-0.003274456
-0.017057753
0.029074135
-0.11406921
-0.046925967
-0.008801177
0.022733009
-0.068008402
-0.030550898
-0.007823667
-0.105985482
0.003661512
-0.080116094
0.028290346
0.055181155
0.022407358
-0.006182596
-0.032656922
-0.033416017
-0.012920951
-0.025519516
-0.002394866
-0.004103454
-0.000642274
-0.001755999
0.046677821
-0.043540737
0.02685512
-0.040831845
-0.058670384
-0.136514194
-0.09658933
-0.017561014
0.173789297
-0.209335399
-0.06480593
-0.112834632
0.055996823
0.04352285
0.04056358
-0.107123475
-0.112175645
-0.014560465
0.008245017
0.029529025
0.089645861
0.025891255
-0.120482686
-0.11018561
0.027197809
-0.079250419
0.055086199
-0.083183506
0.564188944
0.408698224
0.395540582
0.77517454
0.507413677
0.20026781
0.470918861
0.756966784
0.38405025
0.713390488
0.574035919
0.256313131
-0.028234378
0.603969298
0.293071595
0.393161682
0.534233435
0.68738014
0.270413141
0.511199491
0.374601313
0.276913529
0.311572861
0.640124041
0.352093883
0.029134148
0.569538111
0.564496519
0.132343865
0.512824115
0.37540502
0.136834763
0.022535263
0.435822272
0.151305383
0.285870898
0.295146008
0.472143298
0.603433989
0.3384563
0.12779304
0.199929046
0.101166322
0.249265368
0.190402217
-0.033685407
0.187757887
0.150435622
0.097716159
0.171755644
0.10143979
-0.034096768
0.111075575
0.088924093
-0.017449183
-0.027777306
0.143115688
0.158204185
0.034171403
0.26500079
0.441299197
0.319133641
0.260677645
0.742118548
0.428007912
-0.023797482
0.411341954
0.696616873
0.247086829
0.637176641
0.526459011
0.20018604
0.463676691
0.225473129
0.311169481
0.387887698
0.569557481
0.07911929
0.445733976
0.29212741
0.133245951
0.141424668
0.416868361
0.250794101
0.107132657
0.187947099
0.359721678
0.219593447
0.331544732
0.23830971
0.155941514
0.327257088
0.136615256
0.306118239
0.190864061
0.300228663
0.058703846
0.267286804
0.148843767
0.030095119
0.199496277
0.075883659
0.021229114
-0.022634214
0.120857219
0.039592615
0.106271476
0.132548175
-0.034180958
0.045271394
0.131798234
0.07474898
0.185321973
0.102319109
0.159134234
0.131436594
0.088258806
0.363942977
0.336115614
0.199208417
0.638400033
0.312935996
0.357939227
0.525423374
0.315283527
0.551280883
0.460339881
0.159832381
0.001620499
0.475347539
0.188948934
0.332830312
0.338744327
0.522466638
0.170673083
0.345735079
0.646109327
0.516999395
0.464549031
0.84627432
0.622122731
0.146015201
0.569680826
0.767182246
0.465833961
0.772076095
0.670908761
0.288261565
-0.030689594
0.72457128
0.369284805
0.495984181
0.645026817
0.732211276
0.369643215
0.620235674
0.894370624
0.921263795
0.886815311
0.963568355
0.894641649
0.81154129
0.907996712
0.907307161
0.88292547
0.904406142
0.871905477
0.857498055
0.198243416
0.915104705
0.878625558
0.909750466
0.88917651
0.902364023
0.869440091
0.914534063
0.354652507
0.175085696
0.193633666
0.561884773
0.287170115
0.078908977
0.27427518
0.511897325
0.199026289
0.469565573
0.3357862
0.1649455
-0.052471105
0.426458408
0.137963688
0.429748788
0.305851203
0.418415226
0.102730618
0.316190181
0.409467486
0.309479192
0.224375746
0.679067661
0.37353076
0.175367734
0.422326601
0.642688428
0.294675922
0.600100611
0.481302873
0.206139664
0.509932346
0.462961734
0.221284544
0.308027329
0.415062316
0.523510998
0.273786434
0.429728062
0.153905871
0.105088968
0.351100551
0.130648563
-0.053165016
0.195606435
0.575449635
0.034424684
0.336978937
0.19603788
-0.039929294
0.059665036
0.223341437
0.100069523
0.180399166
0.173937381
0.259435497
0.207892948
-0.012127824
-0.090367045
0.104192759
0.012345753
0.026273152
0.016750758
0.451587331
0.063120382
0.275940686
-0.02925344
-0.026869919
-0.083186461
-0.028289134
0.058538636
-0.088778779
-0.07626539
0.092883353
0.577668478
0.41501411
0.34800837
0.748046813
0.457417492
0.425827695
0.700284717
0.346121392
0.680850157
0.512503807
0.22339411
0.553099753
0.267423126
0.370001715
0.458062582
0.606313084
0.271014364
0.4573173
0.627666774
0.470952351
0.401230445
0.829881567
0.585837805
0.182168269
0.521987581
0.75983547
0.38665255
0.731603455
0.619120822
0.323059387
-0.02764793
0.652534446
0.286687961
0.40844796
0.549744428
0.704717725
0.399164785
0.573295183
0.349424837
0.265671229
0.262287345
0.59692142
0.32828318
0.070700778
0.283229984
0.542772737
0.227397378
0.508214637
0.394686968
0.188895761
-0.164640024
0.375892863
0.177740881
0.261855161
0.336969092
0.433895142
0.189915627
0.318297511
0.392352568
0.342414679
0.214376347
0.658335629
0.37049126
0.154980824
0.363682375
0.588120354
0.310253113
0.579287227
0.441439699
0.136643914
-0.022821731
0.453094938
0.207988591
0.269800779
0.388550322
0.497957487
0.20421399
0.384521442
0.580029866
0.532123013
0.430099435
0.842503861
0.597410367
0.09987578
0.519640477
0.76965514
0.42283142
0.744608653
0.622416133
0.302589343
-0.053988408
0.633603942
0.340352425
0.424440619
0.590660101
0.704129074
0.37094529
0.597503024
0.254775914
0.305047804
0.053779675
0.531071021
0.235353435
0.099511166
0.24363059
0.411057308
0.097013606
0.378520475
0.282973447
0.049263162
-0.085305249
0.415825231
0.417136502
0.196507052
0.198403242
0.35714216
0.033273459
0.342496956
0.449712598
0.352456147
0.705300294
0.387793119
0.009932626
0.376965965
0.622267365
0.364739249
0.618513073
0.443376584
0.151590956
0.610442844
0.236557602
0.278069318
0.391526154
0.570077665
0.202622237
0.396944172
0.30438164
0.231878956
0.262195406
0.541574258
0.312943096
0.081212416
0.278914664
0.468440862
0.245840108
0.438598878
0.368069099
0.085179341
-0.063040216
0.469138666
0.193963746
0.199090642
0.317471557
0.383041897
0.268963326
0.324669344
0.106702745
0.156072036
0.060366479
0.279286549
0.164913448
-0.059919088
0.168635194
0.391669418
0.004613711
0.359147776
0.115962171
0.270362023
0.010418228
0.123035619
0.06183829
0.109612117
0.146218636
0.161783842
0.079006032
0.134248142
0.3350514
0.063379663
0.069022266
0.112161037
0.073685889
-0.085383847
0.177612705
0.08256838
0.044512769
0.068044341
0.184651963
0.011175426
-0.031373064
0.081984736
0.067050276
0.055959738
0.025271643
0.024674825
0.051153881
0.102791675
0.316888974
0.209032594
0.164243428
0.476869564
0.285373034
0.01101969
0.310051616
0.477455459
0.118462238
0.437243659
0.486047914
0.167491041
-0.062087498
0.351069618
0.146576838
0.216258188
0.316208256
0.411021656
0.14200034
0.332382218
0.296641667
-0.050098324
0.298366894
0.257610211
0.101441531
0.097154765
0.041562982
0.153493677
0.088556311
0.262603194
0.113450969
0.055412397
-0.031060889
0.153295376
0.086167425
0.039571615
0.088861258
0.112557237
0.055289303
0.136871984
0.0937329
0.032238897
0.058273851
0.092596599
0.068191165
-0.050323755
0.033484377
0.099737822
0.039274161
0.087154448
0.077149054
0.033413848
0.001392401
0.020160375
0.025493546
0.002901289
0.15867373
0.086674946
0.003939839
0.056487668
0.188905041
0.158825196
0.154593086
0.363190409
0.174233356
0.126944932
0.145600001
0.272532871
0.08762892
0.360436213
0.200557465
0.287116695
0.022075123
0.456831597
0.072892569
0.113576697
0.198043002
0.242887427
0.106641898
0.218572353
0.289549057
0.330473862
0.230261823
0.538016194
0.295485056
0.132686275
0.299524602
0.506184512
0.284254012
0.449882758
0.338807168
0.1159961
-0.173689131
0.357036185
0.169974764
0.255987727
0.372343294
0.398969541
0.13567681
0.315279877
0.827356516
0.810633085
0.817427278
0.917282219
0.796192888
0.573089663
0.855926501
0.871026402
0.776188107
0.839506713
0.798143642
0.744015803
0.115917204
0.844991753
0.789038607
0.801363135
0.860952647
0.855952565
0.738968069
0.791290668
0.258730655
0.079933036
0.137479443
0.31614095
0.132843767
-0.033683216
0.14411986
0.278148775
0.101864979
0.230556506
0.15241443
0.194734875
0.158862655
0.170931513
0.058628028
0.102565387
0.180833754
0.260909843
0.270989591
0.17124417
0.235315287
0.226421829
0.154896406
0.407362808
0.187352464
0.269996663
0.200416316
0.361797263
0.11854259
0.353894257
0.286177073
0.087131219
-0.000668557
0.406644773
0.066118301
0.219746927
0.304128542
0.341057052
0.11278232
0.249889388
0.107707594
0.074507604
0.036412165
0.17123507
0.034243206
0.058657873
0.078539007
0.121616342
0.047390022
0.239069427
0.088847141
0.081827677
-0.080438244
0.109734206
0.037356005
0.062543744
0.103010727
0.132308898
0.159962397
0.061571745
-0.03521546
0.071514611
0.005091929
-0.049371196
-0.046749464
-0.016394989
-0.052592175
0.023282915
-0.03089122
-0.036220744
0.203412324
-0.085893219
-0.054113242
-0.06350761
-0.004221096
0.077612589
-0.029318984
-0.008680498
-0.010372479
-0.005153194
0.290030648
0.19909172
0.199496302
0.493098382
0.321782297
0.148407001
0.287915509
0.514648236
0.30677523
0.441778019
0.340438361
0.150646914
0.0936252
0.321391569
0.140787357
0.212136289
0.269676969
0.391550399
0.205189561
0.319365552
0.333868849
0.2801919
0.235615816
0.58601523
0.380370499
0.091949713
0.276249294
0.532116964
0.235948554
0.470635607
0.291092006
0.168862809
-0.046249969
0.310562972
0.212119431
0.27509983
0.284260049
0.442217706
0.142203807
0.342630793
0.249713609
0.114386982
0.175071128
0.33176331
0.248888392
-0.004351866
0.163218046
0.291116778
0.310930627
0.311246922
0.268408857
0.118996404
-0.083485726
0.19105423
0.09948798
0.11392913
0.175527375
0.400887478
0.08616089
0.186897623
0.229248017
0.167507664
0.41353927
0.378263614
0.207248563
0.053931496
0.172785461
0.318756949
0.149010412
0.315916069
0.335988268
0.112482934
0.065674915
0.257799156
0.059227519
0.136337141
0.217345322
0.288549076
0.094824204
0.2380872
0.321777863
0.20879387
0.219825441
0.573962165
0.287048595
0.129311878
0.390863374
0.47614037
0.22698384
0.427131148
0.317737751
0.155431735
0.00737068
0.327769419
0.192001044
0.193272356
0.363653998
0.385365146
0.178994212
0.273915063
0.084891345
0.056488868
-0.003988577
0.258050047
0.099211948
-0.010109925
0.113758577
0.294400531
0.142647128
0.192688067
0.187012448
0.024619104
0.023800384
0.121997822
-0.002569844
0.046903104
0.064336944
0.352510358
0.11878551
0.006305595
0.279855618
0.227748881
0.122381351
0.506587455
0.222308857
0.05929611
0.135781189
0.444429438
0.101817495
0.355740225
0.347389604
0.135632189
0.014059915
0.262129496
0.094810733
0.221069506
0.201929299
0.285517653
0.108946075
0.191815358
0.483136677
0.414837401
0.357931629
0.75582257
0.49067128
0.102254784
0.440769166
0.733559271
0.331296497
0.692765727
0.530610191
0.217143037
0.049452228
0.556819583
0.359378726
0.33996816
0.490256082
0.622291014
0.327207492
0.494027009
0.305068192
0.249613486
0.261752443
0.570730824
0.298381858
0.444982472
0.480825546
0.504953038
0.187597372
0.471610689
0.318841805
0.103329062
-0.010827709
0.315852128
0.191989252
0.205176251
0.326831042
0.40146964
0.247377614
0.331058803
0.086116259
0.064730057
0.110279416
0.254488502
0.080402771
0.008639318
0.056508139
0.189888335
0.266726925
0.182356419
0.116278542
0.011139029
-0.048718775
0.093006002
0.011568732
0.065199646
0.175048962
0.158802788
0.022939917
0.119407605
0.450468599
0.419562209
0.338932133
0.764907881
0.446408352
0.151405406
0.408046259
0.708164625
0.311460723
0.667601085
0.494384988
0.208931711
-0.045914348
0.532619612
0.212132111
0.320702665
0.447077576
0.59325857
0.237294848
0.471830059
0.177717861
0.072822271
0.105791617
0.376630213
0.187884175
0.014925534
0.231973692
0.335041037
0.128251257
0.286178662
0.172037654
0.041886316
-0.06237788
0.323309361
0.114337448
0.156938788
0.22095513
0.250644642
0.06799193
0.276215474
0.092612904
0.037649614
0.053435594
0.158041424
0.097518826
0.066757265
0.237583524
0.131157275
0.027430729
0.198964403
0.060191077
-0.01779914
0.36670157
0.097639622
0.041505456
0.10903395
0.079766245
0.162859032
0.050159286
0.326471836
0.365400078
0.338940862
0.282546427
0.586273051
0.379850985
0.004388789
0.428073998
0.517727521
0.235306643
0.503096545
0.330271347
0.138257547
-0.015517036
0.386613812
0.188491048
0.322816169
0.322987799
0.491608745
0.404734405
0.315813337
0.580574624
0.453372006
0.398436557
0.792395643
0.538578971
0.140790208
0.510845134
0.731539131
0.405693819
0.730983706
0.597356526
0.268287638
0.014137058
0.636011924
0.346974257
0.422895386
0.55184601
0.692332033
0.347550168
0.563231953
0.886746704
0.883891586
0.882005913
0.980084917
0.884587892
0.776823418
0.903777453
0.909196009
0.869196387
0.90723405
0.882172122
0.836453665
0.08032032
0.915623264
0.848919798
0.876781129
0.904859765
0.900424221
0.863629331
0.904872038
0.303014922
0.225461527
0.193923985
0.507898679
0.290743861
0.13157746
0.272589007
0.445044039
0.212208184
0.40445541
0.328756433
0.130117937
-0.008643393
0.348194436
0.170384155
0.20015234
0.295022553
0.362006825
0.138168962
0.370547727
0.378112528
0.283509815
0.2607767
0.654319496
0.381868513
0.041445644
0.311016048
0.555434101
0.272322655
0.514543505
0.415290333
0.151688064
-0.04163417
0.433959792
0.213445072
0.2612549
0.375878593
0.453389601
0.170901006
0.350728414
0.145019388
0.200351839
0.114906889
0.345231326
0.30805025
0.050497283
0.096780582
0.317723042
0.128788849
0.253558459
0.196871232
0.213918574
0.048850501
0.323493156
0.061674462
0.087180428
0.140246092
0.207023111
0.065323738
0.120207597
-0.027694944
-0.093624972
-0.030262561
0.035616108
0.007171684
0.040069568
0.011588934
0.067309604
0.019222103
0.010663072
-0.000993568
-0.056891304
-0.060386754
0.089804033
-0.07475046
0.044764421
0.002081142
-0.018584515
0.040548913
0.01478587
0.494099901
0.377385777
0.325821651
0.704092712
0.431831913
0.09063083
0.406493018
0.683141446
0.303515034
0.65134099
0.498714881
0.229215089
-0.032556706
0.52087685
0.336895696
0.338408559
0.442044914
0.604354617
0.217923302
0.45578504
0.519075733
0.417968491
0.388114176
0.781996296
0.52581721
0.118943894
0.493101193
0.69653275
0.369356046
0.696019773
0.558077938
0.275538173
0.000695056
0.559992116
0.261097361
0.372964465
0.531083327
0.651587591
0.296351131
0.545175903
0.277333701
0.212685198
0.153905678
0.539681714
0.320173402
0.040544688
0.305972916
0.467316035
0.169093942
0.45233164
0.373405494
0.228333014
0.132577952
0.342238458
0.113760568
0.270012992
0.295900298
0.427120561
0.16120894
0.313325367
0.341706366
0.276796349
0.196121983
0.605853351
0.371639071
0.346335946
0.291102376
0.564562215
0.278861421
0.516657335
0.353613372
0.118959921
-0.043453092
0.42673893
0.216330218
0.239115497
0.334242078
0.49417862
0.141754179
0.355434169
0.554616063
0.439189424
0.370415781
0.771952874
0.519680736
0.105290451
0.463325032
0.751945624
0.386438699
0.710291386
0.591919512
0.241743559
0.186055944
0.611132284
0.306733804
0.367470037
0.561253487
0.64542806
0.358549556
0.526929582
0.212020936
0.186151638
0.154742967
0.466404569
0.252662962
0.041841958
0.196119212
0.365538238
0.164575812
0.354477062
0.292898924
0.086709767
0.024792589
0.295595924
0.056535496
0.147495278
0.224742164
0.323091651
0.135873238
0.207596978
0.414691197
0.333008898
0.261585073
0.695107233
0.357468169
0.049887156
0.407070333
0.59827423
0.461299468
0.549412924
0.39545314
0.186722719
-0.046433311
0.427071013
0.171306851
0.271649372
0.364703947
0.498531285
0.261577476
0.367892006
0.484622745
0.413822268
0.377922078
0.76241421
0.499643716
0.288544077
0.461412226
0.718288037
0.416204086
0.691185374
0.5768848
0.240271413
-0.009152419
0.558474108
0.333179252
0.333769375
0.484217991
0.63530586
0.274044711
0.518216713
0.323310945
0.312457096
0.35378037
0.609374027
0.308537074
-0.023220782
0.251383234
0.530305137
0.169752856
0.471191417
0.372708658
0.168825726
0.060370073
0.309612282
0.158678672
0.250115898
0.286412035
0.416188983
0.396511111
0.252017058
0.056967747
0.268656295
0.009069947
0.225157455
0.099482955
0.044226161
0.08040692
0.152933235
0.064992214
0.140050825
0.127618477
-0.013990187
-0.007172856
0.131119419
0.06430445
0.091994074
0.354960285
0.136110604
0.051624811
0.071877507
0.440093858
0.459535287
0.291076785
0.71267471
0.476171834
0.093117534
0.381961263
0.636196938
0.285567453
0.606414042
0.470239201
0.131023367
0.03009043
0.484285722
0.245221083
0.283305298
0.411708435
0.537464235
0.241876742
0.453149857
0.211623055
0.172661936
0.150622769
0.418381218
0.152714838
-0.108335342
0.191981926
0.344648202
0.109410175
0.291508068
0.21871226
0.121040123
-0.047285536
0.201087232
0.086924502
0.110583993
0.267931375
0.298817378
0.02867453
0.185954561
0.241494126
0.075529449
0.029694763
0.19930833
0.090038851
0.056947896
0.105198294
0.095312821
0.110515917
0.238114704
0.134196512
0.067083759
-0.016748825
0.08912499
0.266006446
0.105554104
0.092885666
0.097662833
0.067802378
0.078428791
0.384729563
0.278442408
0.221969285
0.616581869
0.319871435
0.056318215
0.288485384
0.50446917
0.319732935
0.510541761
0.388207446
0.150058387
0.015665661
0.397065986
0.206042102
0.315602178
0.366855797
0.463336059
0.190293911
0.346180388
0.543550614
0.417438367
0.377505661
0.794658029
0.521423329
0.133636032
0.473835951
0.75585163
0.392455124
0.691288932
0.577323524
0.198549302
-0.003702817
0.57213273
0.39014014
0.407259258
0.527414429
0.649704363
0.30235126
0.541918605
0.920407473
0.876200236
0.900679349
0.992547977
0.912618639
0.797782723
0.909661597
0.929493733
0.874005019
0.911838641
0.892697557
0.851704109
0.127965867
0.923822113
0.875058952
0.906321802
0.919509648
0.926541459
0.857155122
0.907293657
0.299539806
0.2286799
0.202499068
0.520931852
0.284069828
0.147308964
0.276650713
0.466040677
0.202428093
0.430406458
0.331489238
0.126393317
0.014207388
0.342730892
0.128215246
0.221132138
0.263872571
0.387236374
0.114667542
0.25828263
0.404263547
0.518199327
0.272321754
0.635719245
0.361552219
0.09650922
0.340761915
0.580664897
0.268813285
0.545378599
0.483604899
0.144329206
0.021766755
0.462007543
0.193181198
0.284455203
0.391650948
0.521299226
0.204811199
0.339083573
0.117298647
0.105306929
0.130385164
0.332295344
0.126634001
-0.039042902
0.149021453
0.275660985
0.021484177
0.254584458
0.177994649
0.213673462
0.051962107
0.200929252
0.083132898
0.073360527
0.375345234
0.234743439
0.029872045
0.162623314
-0.050866576
0.002883783
-0.055664139
-0.057508476
0.092681777
0.02475495
-0.063527818
0.012811633
-0.122059628
0.005781665
0.045266295
-0.010019158
-0.056423632
-0.034603727
0.007669044
0.319997319
0.001222371
0.152213153
-0.037522463
-0.011180138
0.499738553
0.407231805
0.318164332
0.735592359
0.471037347
0.09856455
0.450104345
0.716219287
0.332811267
0.669169918
0.515717511
0.249468999
-0.050289467
0.541523648
0.226414386
0.355995158
0.476444785
0.62561846
0.372846213
0.477678564
0.52434267
0.460982014
0.420458411
0.809750588
0.584843298
0.118884024
0.479025902
0.7091761
0.353500276
0.715778729
0.593381068
0.219143499
0.200032755
0.593465815
0.464324621
0.393742411
0.580561971
0.66989086
0.370735634
0.582367743
0.295567005
0.228870148
0.181271052
0.553741003
0.287370069
0.054227815
0.264413732
0.472292154
0.198867941
0.451246649
0.350584338
0.148966862
0.232080277
0.340188782
0.117400413
0.246056053
0.302300172
0.378298318
0.098068347
0.295666495
0.402206163
0.291122893
0.287838723
0.603011841
0.320547764
0.189408518
0.346257708
0.544174597
0.219182938
0.517916873
0.367813264
0.174253196
-0.01060882
0.395521663
0.173042618
0.255301052
0.351867076
0.444576578
0.166479858
0.35533931
0.515356369
0.437755753
0.381764954
0.763372537
0.469964212
0.148618609
0.425583067
0.709470288
0.369416732
0.677020971
0.5524464
0.250215159
-0.010126207
0.561219109
0.271122279
0.361380998
0.508664
0.618667181
0.283788377
0.473719946
0.234909989
0.19257798
0.169640967
0.473860742
0.219258557
0.031404164
0.229627988
0.410388255
0.316556898
0.485956412
0.372671655
0.031410976
-0.118936765
0.282922561
0.112551864
0.145474551
0.272525936
0.351529844
0.135809393
0.237021152
0.393523525
0.556486456
0.288804812
0.662194106
0.429749249
0.061008609
0.350339447
0.606922398
0.262418265
0.573506623
0.403352446
0.194806993
0.034897951
0.472969027
0.224117555
0.322648375
0.382477115
0.506827679
0.169165481
0.408853272
0.515204039
0.391849347
0.367284682
0.760893023
0.507684337
0.294500679
0.454214441
0.71393397
0.335947073
0.674373437
0.549432181
0.225326214
0.040775321
0.585652444
0.276425369
0.34273948
0.496395003
0.609180577
0.30441627
0.529094318
0.417499176
0.204173657
0.209076698
0.571450974
0.289731273
0.068725568
0.273604703
0.490380976
0.19879301
0.539587488
0.313141838
0.100634329
0.03183455
0.314380876
0.139668725
0.196994846
0.286057646
0.423422936
0.17785324
0.289698996
0.193255336
-0.0204176
0.095069022
0.201503671
0.10387168
-0.024015618
0.111095303
0.185840151
0.046918218
0.128599572
0.126330973
0.062770453
-0.005368633
0.078492777
0.043553214
0.074209042
0.055297586
0.193279658
0.345846668
0.05526239
0.443813797
0.314380218
0.207279307
0.630111696
0.344784469
0.081414635
0.314146729
0.550843433
0.180868033
0.511847501
0.39855173
0.115266371
0.023303794
0.384667991
0.178867445
0.295997012
0.354450633
0.45773794
0.15603767
0.380798147
0.144918383
0.133387831
0.116377799
0.338945525
0.158752047
0.069180567
0.113329525
0.277068244
0.446528156
0.24812478
0.171603085
0.133915786
-0.040907803
0.232002655
0.10021571
0.155723808
0.168083235
0.244787619
0.038218554
0.14454014
0.08697626
0.05527835
0.03617549
0.231675482
0.068626476
0.021386512
0.035144025
0.139803837
0.062383834
0.197559458
0.114475912
0.029501866
-0.017979895
0.114160315
0.010228643
0.063974899
0.098575073
0.180584965
0.097426254
0.08763183
0.429529524
0.31016303
0.209600939
0.629255111
0.359264336
0.045728364
0.351724474
0.582759706
0.255034862
0.542400253
0.394700057
0.097564826
-0.038380791
0.522766297
0.159827944
0.267472029
0.346516565
0.473263005
0.18241241
0.343062309
0.519740407
0.487254732
0.338619393
0.765642902
0.486593702
0.099647454
0.446333455
0.693837211
0.370921967
0.68201104
0.530361445
0.271744908
-0.06361131
0.597782158
0.28705222
0.351886527
0.493893173
0.640927853
0.262498575
0.515025292
0.917556331
0.916297272
0.91261698
0.979835181
0.910092098
0.812633423
0.923725695
0.915520565
0.923141127
0.93358858
0.888810622
0.863937475
0.341148904
0.939207212
0.896540022
0.911709195
0.917072367
0.931755905
0.874893913
0.905340565
0.298645778
0.236124236
0.201656972
0.497780442
0.292347207
0.084453118
0.25253135
0.500142415
0.169526111
0.40759014
0.328284926
0.07840192
-0.02334647
0.365222686
0.257550347
0.198949682
0.361448645
0.376466017
0.121091103
0.297515192
0.41320689
0.299370197
0.269543595
0.668684024
0.425622016
0.266665117
0.350957879
0.582477966
0.351471828
0.553889959
0.419379086
0.210517037
0.224230123
0.478529489
0.236715026
0.344140241
0.444306452
0.484428739
0.164699708
0.382987033
0.118161742
0.075750599
0.137303195
0.31406319
0.145163768
0.091896668
0.043592751
0.306309503
0.114128796
0.293672644
0.179567755
0.087059612
-0.018798084
0.197979365
0.085370687
0.099996444
0.160878953
0.208891405
0.100257794
0.235760187
-0.042252584
0.067062323
-0.014778035
0.051043686
-0.053408512
0.037808203
0.082627466
0.038002221
-0.028212089
0.039342127
-0.024214012
-0.02020954
-0.015833778
-0.03327403
-0.015164075
0.186073752
0.118175312
-0.043977289
0.03004781
-0.096941933
0.533439634
0.347700481
0.415534428
0.722120918
0.456754388
0.233054924
0.558039449
0.669687459
0.31800743
0.679303386
0.510093112
0.201188734
-0.003287389
0.549779714
0.34553454
0.327382929
0.460276136
0.609982202
0.285277561
0.452177884
0.568717273
0.461427926
0.4236755
0.807095238
0.558150099
0.125634777
0.517463828
0.750776272
0.45283702
0.729022495
0.593371149
0.268732226
-0.015335425
0.615325026
0.310825762
0.404831041
0.571665824
0.680953007
0.331187946
0.568321283
0.29160017
0.229310669
0.205111677
0.52959375
0.324061931
0.073442128
0.257751824
0.501791732
0.21869864
0.451187292
0.319868351
0.220747662
0.011878054
0.340084808
0.134224657
0.252975968
0.287478885
0.409454816
0.139202672
0.305223412
0.411072257
0.278422916
0.220476697
0.616275721
0.322422921
0.094225767
0.290422899
0.55489782
0.25212222
0.517235659
0.383387037
0.15881808
0.120713857
0.424052361
0.174248673
0.237123609
0.338030169
0.458190244
0.181902446
0.337789405
0.463845821
0.361589396
0.302247172
0.713645616
0.464729267
0.07517587
0.425726808
0.669215475
0.319254521
0.612333339
0.47138782
0.208787022
-0.002804321
0.567999693
0.265427607
0.31921394
0.438785972
0.595461395
0.348396701
0.444072378
0.25655531
0.129780803
0.157401807
0.458725522
0.200575596
0.105059505
0.174299287
0.379825104
0.183205731
0.362922594
0.214528144
0.163744905
-0.010334467
0.269855937
0.107090032
0.165582518
0.217839548
0.372165598
0.168521408
0.208506015
0.387701132
0.301787661
0.264011278
0.673554159
0.36411873
0.081448292
0.344372569
0.578860071
0.304064123
0.5411937
0.386643382
0.310611261
-0.026244055
0.486361252
0.201988923
0.241709869
0.380028654
0.507410991
0.184860298
0.371241711
0.271140522
0.167907981
0.193114638
0.42822092
0.302832583
0.022719243
0.225398606
0.420415179
0.216188346
0.36631814
0.250187986
0.138605331
0.034367304
0.345050287
0.15437259
0.272324563
0.241022122
0.348085842
0.158250315
0.254341089
0.102148512
0.069735948
0.178394656
0.340415167
0.180557041
0.02511279
0.288081998
0.27536702
0.004096566
0.273752614
0.146662883
-0.036447693
0.015195817
0.231378415
-0.038751181
0.081872873
0.179487215
0.197649984
0.143309866
0.083088847
-0.020948496
0.085262299
0.020451843
0.110831877
0.037781942
-0.017354389
0.067772184
0.046420639
0.072716744
0.141598173
0.025496577
-0.071968721
-0.1054252
0.126959998
-0.029956638
0.008185534
0.016392093
0.146679885
-0.03281224
0.074280712
0.255165208
0.239880993
0.255501023
0.038560957
0.226857051
0.342154991
0.037359859
0.297401532
0.223841193
0.204616528
-0.019302697
0.266282644
0.152518235
0.15328978
0.180947223
0.297914484
0.040675475
0.23716684
0.132669103
0.145065918
0.059836109
0.275985246
0.107954954
0.14497869
0.111776184
0.270892896
0.208248443
0.068916205
0.001221216
-0.076721098
0.14044733
0.070281303
0.043622174
0.091697746
0.264961459
0.107518179
0.100487765
0.072443661
0.019670268
0.089916135
0.106187255
0.02459738
0.058421071
0.030032918
0.017007673
0.059192512
0.29560247
-0.023422975
-0.062873127
0.00217281
0.08900704
0.021484336
0.092819246
0.088670756
0.04187585
0.078020782
0.16546224
0.068752389
0.349925745
0.196441709
0.071544478
0.156158783
0.511087143
0.127216655
0.285167927
0.106798173
0.043044716
-0.049276522
0.253633607
0.119546986
0.109613447
0.178915203
0.274175058
0.062398428
0.15995408
0.325792303
0.26291396
0.246715955
0.544523289
0.267982619
0.041830977
0.236532849
0.482605648
0.209493233
0.428381375
0.343505826
0.11164732
-0.109435115
0.372729951
0.197381554
0.216296297
0.305552201
0.423894873
0.142477221
0.274598698
0.919398491
0.879708903
0.867253096
0.973407493
0.896205521
0.652127066
0.933659872
0.919819971
0.902182504
0.923979573
0.932934323
0.812172059
0.148853907
0.918191744
0.869142839
0.865533593
0.891670283
0.922077124
0.844176134
0.899399328
0.182858759
0.166399456
0.129034525
0.313026945
0.141739607
0.04490102
0.149759756
0.260733599
0.037143548
0.213275025
0.12670663
0.069046607
-0.019660553
0.147729586
0.013407908
0.154984352
0.118841942
0.178657472
0.088726769
0.164140459
0.195186609
0.297601673
0.163293442
0.396414288
0.195274118
0.063009117
0.243359459
0.350021847
0.09653257
0.336820675
0.303786951
0.06908252
0.109185347
0.318484651
0.132550884
0.170191669
0.222189684
0.271692726
0.073833778
0.197619505
0.121127386
0.041218263
0.082239056
0.196340737
0.043272729
0.049894167
0.059772295
0.181594306
0.082745279
0.079872728
0.072631596
0.045494084
-0.063676787
0.11465432
0.059432053
0.045395958
0.094346007
0.287744689
0.00798091
0.124100574
0.043484581
-0.047093156
-0.017628563
-0.083789163
0.19612013
-0.010000756
-0.064021591
0.085705839
0.012420285
-0.004355531
0.017587346
0.022590772
-0.062495992
0.041441803
-0.016432196
0.04810797
0.078268532
0.281118294
0.216197122
0.191679413
0.42022251
0.307620542
-0.019824223
0.274122012
0.463567783
0.131821051
0.411938234
0.383207029
0.028121183
-0.100479885
0.23722027
0.055857932
0.198116043
0.276477093
0.372898313
0.108811502
0.27889374
0.376263375
0.364715971
0.222572123
0.5717151
0.375678752
0.273252788
0.314944418
0.52539129
0.367314863
0.498937739
0.334880711
0.131854628
0.250071178
0.415612868
0.391033969
0.259046285
0.333543115
0.477246451
0.198030444
0.339734907
0.184001651
0.144204602
0.063525713
0.327744768
0.154962129
0.015250152
0.145493926
0.274892183
0.443967586
0.274496415
0.2030172
0.124286057
0.041780007
0.23870672
0.063089219
0.224528343
0.201418298
0.274428399
0.105442681
0.360454419
0.213349015
0.246026201
0.10100112
0.367861461
0.173205288
0.065521017
0.183077465
0.378914174
0.187896091
0.31226953
0.227611239
0.032771172
-0.133729177
0.364488888
0.116347455
0.116620093
0.234560246
0.236766988
0.086827577
0.179816992
0.26949221
0.22821267
0.190543516
0.502507174
0.291089868
0.119736279
0.234869751
0.4098731
0.303351475
0.415303547
0.299987293
0.291166504
0.046508703
0.333805389
0.168923634
0.247083869
0.395419672
0.350461663
0.269792432
0.265043353
0.247518563
0.127502484
0.459295889
0.190102648
-0.061482273
0.191406745
0.2888329
0.113961837
0.309579558
0.089331657
-0.00701942
0.238032452
0.128130188
0.144108833
0.161113335
0.387684266
0.155502558
0.165257549
0.312268348
0.178366611
0.135363578
0.453753865
0.247035503
0.008548484
0.2221701
0.4946263
0.271052144
0.351519599
0.227860173
0.156599016
-0.043819731
0.260976543
0.132710559
0.199128938
0.230842951
0.353915254
0.097794279
0.260025686
0.362601616
0.275775664
0.228141262
0.55921667
0.302014283
0.072115738
0.308207481
0.578062329
0.254141936
0.517378491
0.383818455
0.1777376
-0.065828187
0.432863564
0.161231776
0.178764651
0.341467674
0.473392983
0.182898588
0.348003611
0.176561938
0.15898683
0.159163948
0.391634306
0.188707059
0.021639493
0.130142848
0.425049372
0.13002214
0.350344008
0.209614518
0.003483815
-0.108839023
0.253091722
0.13945241
0.116978208
0.181325975
0.348708696
0.063644133
0.286631704
0.050470733
0.072105182
0.398850014
0.089017281
0.023556664
0.031039905
0.136302907
0.360416034
0.112216024
0.092531684
0.032336432
0.040578797
-0.038635393
0.120411451
0.005954851
-0.003095042
0.052401613
0.12523485
0.002629117
0.086312599
0.331218305
0.188700731
0.180585116
0.537966275
0.309138646
0.058971148
0.288103383
0.500262343
0.208912951
0.429875406
0.30377456
-0.005714568
0.070656697
0.349971069
0.315609057
0.249780982
0.294452498
0.448910403
0.208509493
0.317927807
0.193145728
0.093754841
0.112548401
0.169393322
0.054954843
0.15425579
0.351477215
0.148619037
0.267942098
0.174861608
-0.032680791
0.064554604
0.221056125
0.09462494
0.105611607
0.386679063
0.223101151
0.156046708
0.137637835
0.05128749
-0.000455253
0.108103484
0.16466454
0.033682033
0.039737471
0.097515761
0.018848095
0.143693915
0.250121216
0.221452203
0.004442963
0.026984683
0.012185149
0.060729957
0.053145714
0.299479136
0.03314528
0.069072907
0.311747586
0.117601727
0.09961143
0.476603261
0.272385405
0.09477434
0.233325167
0.474752526
0.13899166
0.47086112
0.308988358
0.093391844
-0.036535012
0.302964477
0.021436562
0.212969389
0.368461504
0.381638654
0.211661462
0.248513496
0.434320817
0.298923403
0.290651221
0.677198317
0.406927847
0.092010156
0.353360771
0.632225848
0.291126103
0.563308577
0.451060628
0.273180007
0.225698417
0.485095711
0.3657178
0.292483521
0.3933511
0.511465612
0.230883763
0.399051742
0.931362346
0.931011612
0.931348512
1.003989835
0.915646486
0.751724889
0.942379329
0.95146252
0.911174167
0.937220452
0.906411302
0.86115107
0.220668306
0.943985392
0.893340164
0.915363532
0.929327103
0.93090462
0.889142546
0.939163876
0.219346468
0.155712703
0.093915766
0.401605093
0.245983761
0.054900103
0.263372881
0.342868688
0.137101718
0.321306463
0.211523774
0.118404159
0.032524656
0.258118918
0.138232771
0.164542166
0.232383778
0.296078856
0.241889698
0.212499837
0.338687725
0.235112228
0.164516947
0.553269606
0.291894123
0.092503488
0.332509492
0.511085849
0.235814886
0.45008139
0.329893281
0.116709059
0.1426214
0.346903881
0.148876137
0.25745018
0.305764322
0.445170847
0.098352526
0.327535103
0.107911054
0.076124101
0.030403826
0.260065919
0.147446264
-0.02732347
0.143408416
0.219012417
0.126432138
0.17888822
0.143211428
0.072848312
0.019545845
0.118268806
0.118555887
0.139818321
0.147707829
0.164119481
0.058351088
0.118885104
0.099470872
0.004730148
0.106376502
0.024806451
0.052986576
-0.052717376
0.317929291
0.012186771
-0.022089848
-0.000611777
0.01642819
-0.068954777
-0.106644635
-0.000212199
-0.091305306
-0.019919334
0.036235019
-0.068835315
-0.069330781
0.411716824
0.305639226
0.265301783
0.611458469
0.392155116
-0.021132323
0.307917242
0.613016272
0.247800853
0.564469778
0.471660929
0.150433137
-0.030236016
0.441588431
0.190771971
0.331148988
0.400166005
0.494049231
0.230473633
0.382596827
0.49644428
0.372792008
0.3220669
0.67468207
0.389589121
0.09151989
0.382983732
0.636681582
0.318091928
0.611103051
0.455217449
0.203398013
0.016916497
0.480242542
0.250033374
0.304738612
0.448935674
0.542766946
0.291980349
0.425328899
0.249010695
0.18416162
0.157579016
0.416842843
0.239758195
0.081122036
0.210474985
0.449181886
0.138330985
0.379399683
0.281167926
0.127363017
0.011595523
0.280770646
0.127982688
0.17639623
0.217534472
0.326125011
0.171576331
0.26172821
0.285480437
0.237964954
0.20015079
0.477570212
0.275043078
0.085918622
0.364029368
0.452511518
0.161386249
0.418943104
0.312202391
0.046788219
-0.019609303
0.335767776
0.083461807
0.19122421
0.339832503
0.367341138
0.146723718
0.290741974
0.369562029
0.317917094
0.240047234
0.638935425
0.373962818
0.063019991
0.361857176
0.57013002
0.278981569
0.527022544
0.416255502
0.190536011
-0.057319741
0.423598662
0.194815193
0.267359779
0.356276182
0.461114323
0.272270837
0.394771788
0.273649237
0.185197303
0.31157626
0.527884823
0.296985694
0.044918618
0.248514038
0.437881775
0.197677716
0.392556078
0.388498745
0.162840088
-0.015432879
0.364316694
0.130297762
0.184576662
0.317343526
0.379583516
0.044117356
0.298102006
0.340300973
0.203575762
0.200508779
0.328440973
0.085302173
0.309733997
0.525917825
0.331559836
0.470738741
0.318950062
0.164836205
-0.062993265
0.360095531
0.17501111
0.187925955
0.280424241
0.413510449
0.276149317
0.326758231
